"timeMillisSpent","score"
33,"0hard/-1148medium/-20soft"
34,"0hard/-1147medium/-20soft"
34,"0hard/-1146medium/-20soft"
35,"0hard/-1145medium/-190soft"
35,"0hard/-1144medium/-190soft"
36,"0hard/-1143medium/-190soft"
36,"0hard/-1142medium/-190soft"
37,"0hard/-1141medium/-190soft"
37,"0hard/-1140medium/-190soft"
38,"0hard/-1139medium/-360soft"
38,"0hard/-1138medium/-360soft"
39,"0hard/-1137medium/-360soft"
39,"0hard/-1136medium/-360soft"
40,"0hard/-1135medium/-530soft"
40,"0hard/-1134medium/-530soft"
41,"0hard/-1133medium/-530soft"
42,"0hard/-1132medium/-530soft"
42,"0hard/-1131medium/-530soft"
43,"0hard/-1130medium/-530soft"
44,"0hard/-1129medium/-530soft"
44,"0hard/-1128medium/-530soft"
45,"0hard/-1127medium/-529soft"
46,"0hard/-1126medium/-529soft"
46,"0hard/-1125medium/-529soft"
47,"0hard/-1124medium/-699soft"
47,"0hard/-1123medium/-699soft"
48,"0hard/-1122medium/-700soft"
48,"0hard/-1121medium/-700soft"
49,"0hard/-1120medium/-700soft"
50,"0hard/-1119medium/-700soft"
50,"0hard/-1118medium/-870soft"
51,"0hard/-1117medium/-1040soft"
51,"0hard/-1117medium/-1039soft"
51,"0hard/-1116medium/-1039soft"
52,"0hard/-1115medium/-1039soft"
52,"0hard/-1114medium/-1039soft"
53,"0hard/-1113medium/-1039soft"
54,"0hard/-1112medium/-1039soft"
54,"0hard/-1111medium/-1039soft"
54,"0hard/-1110medium/-1039soft"
55,"0hard/-1109medium/-1039soft"
56,"0hard/-1109medium/-1038soft"
57,"0hard/-1108medium/-1038soft"
57,"0hard/-1107medium/-1038soft"
58,"0hard/-1107medium/-1032soft"
58,"0hard/-1106medium/-1202soft"
58,"0hard/-1105medium/-1192soft"
59,"0hard/-1104medium/-1362soft"
59,"0hard/-1103medium/-1362soft"
60,"0hard/-1102medium/-1362soft"
60,"0hard/-1102medium/-1361soft"
61,"0hard/-1101medium/-1579soft"
62,"0hard/-1101medium/-1569soft"
62,"0hard/-1100medium/-1570soft"
62,"0hard/-1099medium/-1570soft"
63,"0hard/-1098medium/-1570soft"
63,"0hard/-1098medium/-1569soft"
64,"0hard/-1097medium/-1569soft"
64,"0hard/-1096medium/-1739soft"
65,"0hard/-1095medium/-1909soft"
65,"0hard/-1095medium/-1729soft"
65,"0hard/-1094medium/-1729soft"
65,"0hard/-1093medium/-1729soft"
66,"0hard/-1093medium/-1728soft"
66,"0hard/-1092medium/-1728soft"
67,"0hard/-1091medium/-1728soft"
67,"0hard/-1090medium/-1728soft"
68,"0hard/-1090medium/-1727soft"
68,"0hard/-1090medium/-1717soft"
68,"0hard/-1089medium/-1887soft"
69,"0hard/-1088medium/-2057soft"
70,"0hard/-1087medium/-2057soft"
70,"0hard/-1086medium/-2227soft"
71,"0hard/-1085medium/-2397soft"
71,"0hard/-1084medium/-2396soft"
71,"0hard/-1083medium/-2565soft"
72,"0hard/-1082medium/-2565soft"
72,"0hard/-1081medium/-2565soft"
72,"0hard/-1080medium/-2735soft"
73,"0hard/-1080medium/-2734soft"
73,"0hard/-1080medium/-2724soft"
73,"0hard/-1079medium/-2714soft"
74,"0hard/-1078medium/-2714soft"
74,"0hard/-1077medium/-2714soft"
75,"0hard/-1076medium/-2714soft"
75,"0hard/-1075medium/-2714soft"
75,"0hard/-1074medium/-2714soft"
76,"0hard/-1074medium/-2704soft"
76,"0hard/-1073medium/-2704soft"
77,"0hard/-1072medium/-2875soft"
78,"0hard/-1071medium/-2875soft"
78,"0hard/-1070medium/-3093soft"
79,"0hard/-1070medium/-2875soft"
79,"0hard/-1070medium/-2874soft"
80,"0hard/-1069medium/-2874soft"
80,"0hard/-1068medium/-2874soft"
81,"0hard/-1067medium/-2874soft"
82,"0hard/-1066medium/-3043soft"
82,"0hard/-1065medium/-3033soft"
82,"0hard/-1064medium/-3023soft"
83,"0hard/-1063medium/-3024soft"
83,"0hard/-1062medium/-3024soft"
84,"0hard/-1062medium/-3015soft"
85,"0hard/-1061medium/-3015soft"
86,"0hard/-1060medium/-3016soft"
86,"0hard/-1059medium/-3016soft"
86,"0hard/-1058medium/-3016soft"
87,"0hard/-1057medium/-3186soft"
88,"0hard/-1057medium/-3176soft"
88,"0hard/-1056medium/-3345soft"
89,"0hard/-1055medium/-3345soft"
89,"0hard/-1054medium/-3337soft"
89,"0hard/-1053medium/-3507soft"
90,"0hard/-1052medium/-3497soft"
90,"0hard/-1051medium/-3495soft"
91,"0hard/-1051medium/-3485soft"
91,"0hard/-1050medium/-3464soft"
91,"0hard/-1049medium/-3464soft"
92,"0hard/-1049medium/-3463soft"
93,"0hard/-1048medium/-3453soft"
94,"0hard/-1047medium/-3453soft"
94,"0hard/-1047medium/-3452soft"
95,"0hard/-1046medium/-3622soft"
95,"0hard/-1046medium/-3612soft"
96,"0hard/-1045medium/-3782soft"
97,"0hard/-1044medium/-3782soft"
97,"0hard/-1044medium/-3612soft"
98,"0hard/-1043medium/-3603soft"
99,"0hard/-1043medium/-3433soft"
99,"0hard/-1043medium/-3400soft"
100,"0hard/-1042medium/-3570soft"
101,"0hard/-1042medium/-3390soft"
101,"0hard/-1041medium/-3560soft"
102,"0hard/-1041medium/-3558soft"
103,"0hard/-1040medium/-3728soft"
103,"0hard/-1039medium/-3728soft"
104,"0hard/-1039medium/-3708soft"
106,"0hard/-1039medium/-3663soft"
106,"0hard/-1039medium/-3493soft"
107,"0hard/-1039medium/-3313soft"
108,"0hard/-1038medium/-3313soft"
110,"0hard/-1037medium/-3313soft"
111,"0hard/-1036medium/-3313soft"
111,"0hard/-1035medium/-3313soft"
112,"0hard/-1035medium/-3303soft"
113,"0hard/-1034medium/-3473soft"
113,"0hard/-1033medium/-3643soft"
114,"0hard/-1032medium/-3813soft"
114,"0hard/-1031medium/-3813soft"
114,"0hard/-1031medium/-3643soft"
115,"0hard/-1030medium/-3643soft"
116,"0hard/-1029medium/-3643soft"
116,"0hard/-1028medium/-3633soft"
118,"0hard/-1027medium/-3633soft"
118,"0hard/-1026medium/-3804soft"
119,"0hard/-1026medium/-3803soft"
119,"0hard/-1026medium/-3792soft"
120,"0hard/-1025medium/-3792soft"
120,"0hard/-1025medium/-3620soft"
121,"0hard/-1024medium/-3620soft"
121,"0hard/-1023medium/-3620soft"
121,"0hard/-1022medium/-3620soft"
122,"0hard/-1022medium/-3619soft"
122,"0hard/-1021medium/-3619soft"
123,"0hard/-1020medium/-3789soft"
123,"0hard/-1019medium/-3789soft"
124,"0hard/-1018medium/-3789soft"
124,"0hard/-1017medium/-3789soft"
124,"0hard/-1016medium/-3789soft"
125,"0hard/-1016medium/-3780soft"
125,"0hard/-1015medium/-3780soft"
125,"0hard/-1014medium/-3762soft"
126,"0hard/-1013medium/-3762soft"
127,"0hard/-1012medium/-3742soft"
128,"0hard/-1012medium/-3732soft"
129,"0hard/-1012medium/-3542soft"
129,"0hard/-1011medium/-3541soft"
130,"0hard/-1010medium/-3531soft"
131,"0hard/-1010medium/-3530soft"
131,"0hard/-1009medium/-3531soft"
131,"0hard/-1008medium/-3749soft"
132,"0hard/-1008medium/-3738soft"
132,"0hard/-1007medium/-3906soft"
133,"0hard/-1006medium/-3906soft"
133,"0hard/-1005medium/-3905soft"
133,"0hard/-1004medium/-3895soft"
133,"0hard/-1003medium/-3895soft"
134,"0hard/-1002medium/-3895soft"
135,"0hard/-1001medium/-3895soft"
135,"0hard/-1001medium/-3894soft"
136,"0hard/-1000medium/-3894soft"
136,"0hard/-999medium/-3895soft"
137,"0hard/-999medium/-3894soft"
137,"0hard/-998medium/-3893soft"
139,"0hard/-997medium/-3893soft"
140,"0hard/-996medium/-3895soft"
141,"0hard/-995medium/-3895soft"
141,"0hard/-994medium/-3894soft"
142,"0hard/-993medium/-3894soft"
143,"0hard/-993medium/-3885soft"
144,"0hard/-992medium/-4055soft"
144,"0hard/-991medium/-4054soft"
144,"0hard/-990medium/-4054soft"
145,"0hard/-989medium/-4054soft"
145,"0hard/-988medium/-4055soft"
146,"0hard/-988medium/-4027soft"
146,"0hard/-987medium/-4027soft"
146,"0hard/-986medium/-4027soft"
147,"0hard/-985medium/-4197soft"
147,"0hard/-984medium/-4197soft"
148,"0hard/-984medium/-4187soft"
148,"0hard/-983medium/-4177soft"
149,"0hard/-983medium/-4176soft"
149,"0hard/-982medium/-4166soft"
150,"0hard/-982medium/-4165soft"
151,"0hard/-982medium/-4164soft"
152,"0hard/-981medium/-4334soft"
152,"0hard/-981medium/-4333soft"
154,"0hard/-980medium/-4503soft"
154,"0hard/-979medium/-4503soft"
154,"0hard/-978medium/-4503soft"
155,"0hard/-977medium/-4493soft"
155,"0hard/-977medium/-4469soft"
155,"0hard/-977medium/-4468soft"
156,"0hard/-976medium/-4458soft"
157,"0hard/-975medium/-4458soft"
157,"0hard/-975medium/-4448soft"
157,"0hard/-974medium/-4448soft"
158,"0hard/-973medium/-4447soft"
158,"0hard/-972medium/-4447soft"
159,"0hard/-971medium/-4447soft"
159,"0hard/-970medium/-4447soft"
159,"0hard/-970medium/-4446soft"
160,"0hard/-969medium/-4446soft"
161,"0hard/-969medium/-4445soft"
162,"0hard/-968medium/-4617soft"
162,"0hard/-967medium/-4787soft"
162,"0hard/-966medium/-4787soft"
164,"0hard/-965medium/-4787soft"
164,"0hard/-964medium/-4957soft"
165,"0hard/-964medium/-4956soft"
165,"0hard/-963medium/-4956soft"
166,"0hard/-962medium/-5126soft"
167,"0hard/-962medium/-5124soft"
167,"0hard/-962medium/-5104soft"
168,"0hard/-961medium/-5104soft"
168,"0hard/-961medium/-4934soft"
168,"0hard/-960medium/-4933soft"
169,"0hard/-959medium/-4933soft"
170,"0hard/-959medium/-4932soft"
171,"0hard/-958medium/-4921soft"
171,"0hard/-957medium/-4921soft"
172,"0hard/-956medium/-4921soft"
172,"0hard/-955medium/-4921soft"
173,"0hard/-954medium/-4921soft"
174,"0hard/-953medium/-4911soft"
176,"0hard/-952medium/-4911soft"
176,"0hard/-951medium/-4911soft"
177,"0hard/-950medium/-4890soft"
177,"0hard/-949medium/-4890soft"
178,"0hard/-948medium/-4880soft"
179,"0hard/-947medium/-4880soft"
179,"0hard/-946medium/-4879soft"
180,"0hard/-946medium/-4708soft"
180,"0hard/-946medium/-4707soft"
181,"0hard/-945medium/-4707soft"
181,"0hard/-944medium/-4707soft"
182,"0hard/-943medium/-4652soft"
182,"0hard/-943medium/-4632soft"
182,"0hard/-943medium/-4612soft"
183,"0hard/-942medium/-4612soft"
183,"0hard/-942medium/-4601soft"
184,"0hard/-941medium/-4772soft"
185,"0hard/-940medium/-4762soft"
185,"0hard/-939medium/-4764soft"
186,"0hard/-938medium/-4764soft"
186,"0hard/-937medium/-4764soft"
187,"0hard/-936medium/-4764soft"
187,"0hard/-936medium/-4574soft"
188,"0hard/-935medium/-4744soft"
188,"0hard/-935medium/-4743soft"
189,"0hard/-934medium/-4743soft"
189,"0hard/-934medium/-4742soft"
190,"0hard/-933medium/-4913soft"
191,"0hard/-933medium/-4903soft"
192,"0hard/-933medium/-4863soft"
193,"0hard/-933medium/-4683soft"
194,"0hard/-932medium/-4683soft"
194,"0hard/-931medium/-4854soft"
195,"0hard/-931medium/-4852soft"
196,"0hard/-930medium/-4852soft"
197,"0hard/-930medium/-4851soft"
197,"0hard/-930medium/-4850soft"
198,"0hard/-930medium/-4682soft"
198,"0hard/-929medium/-4852soft"
199,"0hard/-928medium/-4854soft"
200,"0hard/-927medium/-4854soft"
200,"0hard/-926medium/-4854soft"
201,"0hard/-926medium/-4852soft"
202,"0hard/-925medium/-4852soft"
203,"0hard/-925medium/-4674soft"
203,"0hard/-924medium/-4622soft"
204,"0hard/-924medium/-4620soft"
205,"0hard/-924medium/-4451soft"
206,"0hard/-924medium/-4433soft"
206,"0hard/-923medium/-4433soft"
207,"0hard/-923medium/-4432soft"
207,"0hard/-922medium/-4432soft"
208,"0hard/-922medium/-4426soft"
209,"0hard/-921medium/-4425soft"
209,"0hard/-920medium/-4425soft"
210,"0hard/-919medium/-4425soft"
210,"0hard/-919medium/-4416soft"
211,"0hard/-919medium/-4414soft"
212,"0hard/-918medium/-4414soft"
212,"0hard/-917medium/-4583soft"
213,"0hard/-916medium/-4583soft"
214,"0hard/-916medium/-4571soft"
215,"0hard/-916medium/-4560soft"
216,"0hard/-916medium/-4559soft"
216,"0hard/-916medium/-4380soft"
217,"0hard/-915medium/-4380soft"
218,"0hard/-915medium/-4369soft"
219,"0hard/-915medium/-4340soft"
219,"0hard/-915medium/-4328soft"
220,"0hard/-914medium/-4497soft"
221,"0hard/-914medium/-4465soft"
222,"0hard/-914medium/-4463soft"
222,"0hard/-914medium/-4462soft"
223,"0hard/-914medium/-4282soft"
223,"0hard/-914medium/-4272soft"
224,"0hard/-914medium/-4262soft"
224,"0hard/-913medium/-4264soft"
225,"0hard/-912medium/-4256soft"
226,"0hard/-911medium/-4255soft"
230,"0hard/-910medium/-4255soft"
231,"0hard/-910medium/-4235soft"
231,"0hard/-910medium/-4214soft"
232,"0hard/-910medium/-4213soft"
232,"0hard/-909medium/-4431soft"
233,"0hard/-908medium/-4431soft"
233,"0hard/-907medium/-4432soft"
234,"0hard/-906medium/-4432soft"
234,"0hard/-905medium/-4433soft"
235,"0hard/-905medium/-4432soft"
235,"0hard/-904medium/-4431soft"
237,"0hard/-903medium/-4601soft"
237,"0hard/-902medium/-4589soft"
238,"0hard/-901medium/-4589soft"
239,"0hard/-901medium/-4569soft"
239,"0hard/-901medium/-4560soft"
240,"0hard/-900medium/-4562soft"
241,"0hard/-900medium/-4552soft"
241,"0hard/-899medium/-4552soft"
242,"0hard/-898medium/-4551soft"
244,"0hard/-897medium/-4552soft"
245,"0hard/-897medium/-4551soft"
245,"0hard/-896medium/-4551soft"
246,"0hard/-895medium/-4551soft"
246,"0hard/-895medium/-4531soft"
247,"0hard/-894medium/-4521soft"
247,"0hard/-893medium/-4692soft"
248,"0hard/-892medium/-4681soft"
249,"0hard/-892medium/-4652soft"
250,"0hard/-892medium/-4650soft"
251,"0hard/-891medium/-4650soft"
252,"0hard/-891medium/-4618soft"
252,"0hard/-890medium/-4618soft"
253,"0hard/-889medium/-4588soft"
253,"0hard/-888medium/-4588soft"
254,"0hard/-888medium/-4576soft"
254,"0hard/-888medium/-4575soft"
255,"0hard/-888medium/-4558soft"
255,"0hard/-887medium/-4775soft"
255,"0hard/-886medium/-4775soft"
256,"0hard/-886medium/-4765soft"
256,"0hard/-886medium/-4764soft"
257,"0hard/-885medium/-4734soft"
258,"0hard/-884medium/-4733soft"
258,"0hard/-884medium/-4713soft"
259,"0hard/-884medium/-4712soft"
259,"0hard/-883medium/-4713soft"
259,"0hard/-883medium/-4542soft"
260,"0hard/-882medium/-4534soft"
260,"0hard/-882medium/-4532soft"
261,"0hard/-882medium/-4471soft"
261,"0hard/-881medium/-4471soft"
262,"0hard/-881medium/-4450soft"
262,"0hard/-881medium/-4449soft"
263,"0hard/-881medium/-4278soft"
264,"0hard/-880medium/-4278soft"
264,"0hard/-879medium/-4282soft"
264,"0hard/-878medium/-4281soft"
265,"0hard/-878medium/-4280soft"
267,"0hard/-878medium/-4240soft"
268,"0hard/-877medium/-4229soft"
270,"0hard/-876medium/-4399soft"
270,"0hard/-875medium/-4389soft"
271,"0hard/-875medium/-4208soft"
271,"0hard/-874medium/-4210soft"
273,"0hard/-874medium/-4202soft"
275,"0hard/-873medium/-4202soft"
276,"0hard/-872medium/-4202soft"
276,"0hard/-871medium/-4182soft"
277,"0hard/-870medium/-4182soft"
277,"0hard/-870medium/-4181soft"
278,"0hard/-869medium/-4170soft"
278,"0hard/-869medium/-3989soft"
279,"0hard/-869medium/-3988soft"
279,"0hard/-869medium/-3948soft"
280,"0hard/-869medium/-3927soft"
280,"0hard/-868medium/-3906soft"
281,"0hard/-868medium/-3888soft"
281,"0hard/-868medium/-3876soft"
282,"0hard/-867medium/-3878soft"
283,"0hard/-867medium/-3698soft"
283,"0hard/-867medium/-3664soft"
284,"0hard/-866medium/-3664soft"
284,"0hard/-866medium/-3643soft"
285,"0hard/-866medium/-3632soft"
285,"0hard/-866medium/-3631soft"
286,"0hard/-866medium/-3624soft"
286,"0hard/-866medium/-3604soft"
286,"0hard/-865medium/-3604soft"
287,"0hard/-865medium/-3603soft"
287,"0hard/-864medium/-3602soft"
288,"0hard/-864medium/-3571soft"
288,"0hard/-864medium/-3570soft"
289,"0hard/-864medium/-3561soft"
289,"0hard/-863medium/-3561soft"
290,"0hard/-862medium/-3561soft"
290,"0hard/-862medium/-3551soft"
290,"0hard/-861medium/-3551soft"
291,"0hard/-861medium/-3531soft"
291,"0hard/-860medium/-3531soft"
292,"0hard/-860medium/-3530soft"
293,"0hard/-859medium/-3530soft"
293,"0hard/-858medium/-3529soft"
294,"0hard/-857medium/-3529soft"
295,"0hard/-856medium/-3529soft"
296,"0hard/-856medium/-3519soft"
296,"0hard/-856medium/-3518soft"
296,"0hard/-856medium/-3511soft"
297,"0hard/-856medium/-3487soft"
298,"0hard/-855medium/-3657soft"
298,"0hard/-855medium/-3647soft"
299,"0hard/-855medium/-3626soft"
299,"0hard/-855medium/-3625soft"
300,"0hard/-854medium/-3625soft"
300,"0hard/-853medium/-3624soft"
301,"0hard/-852medium/-3624soft"
301,"0hard/-852medium/-3569soft"
301,"0hard/-852medium/-3568soft"
302,"0hard/-851medium/-3538soft"
302,"0hard/-850medium/-3709soft"
303,"0hard/-849medium/-3709soft"
304,"0hard/-848medium/-3709soft"
305,"0hard/-848medium/-3700soft"
305,"0hard/-848medium/-3698soft"
305,"0hard/-847medium/-3667soft"
306,"0hard/-846medium/-3647soft"
307,"0hard/-846medium/-3646soft"
308,"0hard/-845medium/-3646soft"
308,"0hard/-845medium/-3644soft"
309,"0hard/-845medium/-3476soft"
310,"0hard/-845medium/-3475soft"
312,"0hard/-845medium/-3446soft"
312,"0hard/-845medium/-3445soft"
313,"0hard/-844medium/-3445soft"
313,"0hard/-844medium/-3440soft"
314,"0hard/-844medium/-3250soft"
315,"0hard/-844medium/-3229soft"
315,"0hard/-843medium/-3229soft"
316,"0hard/-842medium/-3228soft"
316,"0hard/-842medium/-3217soft"
317,"0hard/-842medium/-3215soft"
319,"0hard/-841medium/-3385soft"
319,"0hard/-841medium/-3377soft"
320,"0hard/-840medium/-3346soft"
320,"0hard/-840medium/-3345soft"
321,"0hard/-840medium/-3315soft"
322,"0hard/-840medium/-3306soft"
323,"0hard/-839medium/-3306soft"
323,"0hard/-838medium/-3306soft"
324,"0hard/-837medium/-3297soft"
324,"0hard/-836medium/-3297soft"
326,"0hard/-836medium/-3286soft"
328,"0hard/-836medium/-3264soft"
330,"0hard/-836medium/-3094soft"
330,"0hard/-836medium/-2924soft"
331,"0hard/-836medium/-2915soft"
331,"0hard/-836medium/-2886soft"
332,"0hard/-835medium/-2886soft"
332,"0hard/-835medium/-2861soft"
333,"0hard/-835medium/-2860soft"
334,"0hard/-834medium/-2861soft"
334,"0hard/-834medium/-2860soft"
334,"0hard/-834medium/-2810soft"
335,"0hard/-834medium/-2809soft"
336,"0hard/-833medium/-2979soft"
336,"0hard/-832medium/-2973soft"
337,"0hard/-832medium/-2972soft"
337,"0hard/-831medium/-2962soft"
337,"0hard/-831medium/-2953soft"
339,"0hard/-831medium/-2943soft"
340,"0hard/-831medium/-2942soft"
340,"0hard/-831medium/-2941soft"
345,"0hard/-830medium/-2941soft"
345,"0hard/-829medium/-3111soft"
346,"0hard/-828medium/-3081soft"
347,"0hard/-827medium/-3081soft"
348,"0hard/-827medium/-3076soft"
349,"0hard/-826medium/-3246soft"
350,"0hard/-826medium/-3086soft"
351,"0hard/-826medium/-3084soft"
351,"0hard/-825medium/-3084soft"
351,"0hard/-825medium/-3083soft"
352,"0hard/-824medium/-3053soft"
352,"0hard/-823medium/-3223soft"
353,"0hard/-822medium/-3223soft"
354,"0hard/-822medium/-3212soft"
354,"0hard/-822medium/-3184soft"
354,"0hard/-821medium/-3183soft"
355,"0hard/-820medium/-3183soft"
356,"0hard/-820medium/-3163soft"
357,"0hard/-819medium/-3162soft"
358,"0hard/-818medium/-3380soft"
359,"0hard/-818medium/-3371soft"
360,"0hard/-818medium/-3370soft"
360,"0hard/-817medium/-3370soft"
361,"0hard/-816medium/-3370soft"
362,"0hard/-815medium/-3370soft"
364,"0hard/-815medium/-3368soft"
364,"0hard/-815medium/-3348soft"
365,"0hard/-814medium/-3348soft"
365,"0hard/-814medium/-3327soft"
366,"0hard/-814medium/-3326soft"
367,"0hard/-814medium/-3325soft"
368,"0hard/-814medium/-3323soft"
368,"0hard/-813medium/-3317soft"
369,"0hard/-813medium/-3316soft"
370,"0hard/-813medium/-3315soft"
371,"0hard/-813medium/-3314soft"
373,"0hard/-813medium/-3097soft"
374,"0hard/-812medium/-3315soft"
374,"0hard/-812medium/-3314soft"
375,"0hard/-811medium/-3484soft"
376,"0hard/-810medium/-3484soft"
376,"0hard/-809medium/-3484soft"
377,"0hard/-809medium/-3451soft"
378,"0hard/-809medium/-3233soft"
379,"0hard/-809medium/-3212soft"
379,"0hard/-808medium/-3211soft"
379,"0hard/-808medium/-3201soft"
380,"0hard/-808medium/-3197soft"
381,"0hard/-808medium/-3187soft"
382,"0hard/-808medium/-3167soft"
383,"0hard/-808medium/-3097soft"
384,"0hard/-807medium/-3097soft"
385,"0hard/-807medium/-3096soft"
386,"0hard/-807medium/-3095soft"
387,"0hard/-806medium/-3095soft"
388,"0hard/-806medium/-2856soft"
388,"0hard/-806medium/-2852soft"
390,"0hard/-805medium/-2852soft"
391,"0hard/-805medium/-2839soft"
392,"0hard/-805medium/-2623soft"
395,"0hard/-804medium/-2622soft"
396,"0hard/-803medium/-2792soft"
397,"0hard/-802medium/-2792soft"
397,"0hard/-802medium/-2786soft"
399,"0hard/-802medium/-2775soft"
400,"0hard/-801medium/-2775soft"
400,"0hard/-801medium/-2774soft"
402,"0hard/-801medium/-2562soft"
402,"0hard/-801medium/-2542soft"
403,"0hard/-801medium/-2522soft"
403,"0hard/-801medium/-2514soft"
404,"0hard/-801medium/-2494soft"
405,"0hard/-801medium/-2444soft"
405,"0hard/-800medium/-2443soft"
406,"0hard/-800medium/-2423soft"
406,"0hard/-799medium/-2422soft"
407,"0hard/-799medium/-2412soft"
408,"0hard/-799medium/-2354soft"
409,"0hard/-799medium/-2346soft"
409,"0hard/-798medium/-2345soft"
410,"0hard/-798medium/-2344soft"
411,"0hard/-797medium/-2344soft"
411,"0hard/-796medium/-2344soft"
412,"0hard/-795medium/-2344soft"
412,"0hard/-795medium/-2335soft"
413,"0hard/-795medium/-2324soft"
413,"0hard/-794medium/-2324soft"
413,"0hard/-794medium/-2314soft"
414,"0hard/-794medium/-2243soft"
416,"0hard/-793medium/-2243soft"
418,"0hard/-792medium/-2243soft"
418,"0hard/-792medium/-2242soft"
420,"0hard/-792medium/-2232soft"
421,"0hard/-792medium/-2231soft"
421,"0hard/-792medium/-2221soft"
421,"0hard/-791medium/-2179soft"
422,"0hard/-791medium/-2169soft"
424,"0hard/-790medium/-2159soft"
424,"0hard/-790medium/-2148soft"
424,"0hard/-789medium/-2134soft"
426,"0hard/-789medium/-2133soft"
428,"0hard/-789medium/-2132soft"
429,"0hard/-789medium/-2123soft"
430,"0hard/-789medium/-2114soft"
431,"0hard/-788medium/-2054soft"
432,"0hard/-788medium/-2052soft"
433,"0hard/-788medium/-2050soft"
434,"0hard/-788medium/-1849soft"
435,"0hard/-787medium/-1849soft"
436,"0hard/-786medium/-2019soft"
439,"0hard/-785medium/-2019soft"
440,"0hard/-784medium/-1988soft"
446,"0hard/-784medium/-1968soft"
447,"0hard/-784medium/-1954soft"
447,"0hard/-784medium/-1944soft"
448,"0hard/-783medium/-1943soft"
448,"0hard/-783medium/-1936soft"
449,"0hard/-783medium/-1905soft"
450,"0hard/-782medium/-1905soft"
451,"0hard/-782medium/-1707soft"
451,"0hard/-781medium/-1875soft"
456,"0hard/-780medium/-2046soft"
457,"0hard/-780medium/-2041soft"
457,"0hard/-780medium/-2040soft"
460,"0hard/-779medium/-2042soft"
461,"0hard/-779medium/-2032soft"
463,"0hard/-779medium/-2004soft"
464,"0hard/-778medium/-2004soft"
466,"0hard/-778medium/-1974soft"
466,"0hard/-778medium/-1964soft"
468,"0hard/-778medium/-1893soft"
469,"0hard/-777medium/-1873soft"
470,"0hard/-776medium/-1853soft"
470,"0hard/-776medium/-1683soft"
471,"0hard/-776medium/-1673soft"
471,"0hard/-775medium/-1673soft"
472,"0hard/-775medium/-1603soft"
473,"0hard/-775medium/-1542soft"
476,"0hard/-774medium/-1542soft"
476,"0hard/-773medium/-1522soft"
477,"0hard/-772medium/-1522soft"
478,"0hard/-772medium/-1482soft"
478,"0hard/-772medium/-1448soft"
479,"0hard/-772medium/-1439soft"
480,"0hard/-772medium/-1438soft"
480,"0hard/-772medium/-1420soft"
481,"0hard/-772medium/-1250soft"
482,"0hard/-772medium/-1036soft"
484,"0hard/-772medium/-867soft"
486,"0hard/-772medium/-857soft"
487,"0hard/-771medium/-1026soft"
488,"0hard/-770medium/-1195soft"
490,"0hard/-770medium/-1194soft"
491,"0hard/-770medium/-1165soft"
496,"0hard/-770medium/-1162soft"
497,"0hard/-769medium/-1146soft"
498,"0hard/-768medium/-1364soft"
499,"0hard/-767medium/-1363soft"
499,"0hard/-766medium/-1358soft"
501,"0hard/-765medium/-1358soft"
502,"0hard/-764medium/-1576soft"
503,"0hard/-764medium/-1566soft"
504,"0hard/-764medium/-1554soft"
505,"0hard/-764medium/-1553soft"
505,"0hard/-763medium/-1726soft"
506,"0hard/-762medium/-1726soft"
507,"0hard/-761medium/-1725soft"
508,"0hard/-760medium/-1684soft"
509,"0hard/-760medium/-1511soft"
512,"0hard/-760medium/-1491soft"
513,"0hard/-760medium/-1482soft"
514,"0hard/-760medium/-1480soft"
517,"0hard/-760medium/-1479soft"
517,"0hard/-760medium/-1389soft"
518,"0hard/-760medium/-1370soft"
519,"0hard/-759medium/-1354soft"
520,"0hard/-759medium/-1353soft"
522,"0hard/-759medium/-1351soft"
522,"0hard/-759medium/-1350soft"
523,"0hard/-758medium/-1350soft"
525,"0hard/-758medium/-1328soft"
527,"0hard/-757medium/-1328soft"
528,"0hard/-757medium/-1258soft"
530,"0hard/-756medium/-1259soft"
531,"0hard/-755medium/-1259soft"
531,"0hard/-755medium/-1257soft"
532,"0hard/-754medium/-1199soft"
532,"0hard/-753medium/-1118soft"
533,"0hard/-753medium/-869soft"
534,"0hard/-753medium/-834soft"
537,"0hard/-752medium/-803soft"
538,"0hard/-752medium/-795soft"
538,"0hard/-752medium/-794soft"
540,"0hard/-752medium/-793soft"
540,"0hard/-751medium/-1011soft"
541,"0hard/-750medium/-1012soft"
542,"0hard/-750medium/-1011soft"
543,"0hard/-750medium/-980soft"
544,"0hard/-749medium/-980soft"
544,"0hard/-749medium/-978soft"
545,"0hard/-748medium/-966soft"
546,"0hard/-748medium/-935soft"
549,"0hard/-747medium/-938soft"
550,"0hard/-747medium/-928soft"
552,"0hard/-746medium/-928soft"
553,"0hard/-745medium/-1098soft"
554,"0hard/-744medium/-1273soft"
556,"0hard/-744medium/-1268soft"
562,"0hard/-744medium/-1264soft"
564,"0hard/-743medium/-1263soft"
566,"0hard/-742medium/-1263soft"
571,"0hard/-741medium/-1264soft"
573,"0hard/-740medium/-1264soft"
574,"0hard/-739medium/-1434soft"
576,"0hard/-739medium/-1395soft"
577,"0hard/-739medium/-1391soft"
579,"0hard/-738medium/-1391soft"
582,"0hard/-737medium/-1381soft"
583,"0hard/-736medium/-1330soft"
584,"0hard/-735medium/-1312soft"
585,"0hard/-735medium/-1311soft"
587,"0hard/-734medium/-1311soft"
589,"0hard/-734medium/-1279soft"
591,"0hard/-734medium/-1114soft"
594,"0hard/-734medium/-1074soft"
595,"0hard/-734medium/-1034soft"
596,"0hard/-733medium/-973soft"
602,"0hard/-733medium/-966soft"
603,"0hard/-733medium/-957soft"
604,"0hard/-733medium/-947soft"
607,"0hard/-733medium/-895soft"
608,"0hard/-732medium/-1065soft"
609,"0hard/-732medium/-1064soft"
615,"0hard/-731medium/-1065soft"
616,"0hard/-730medium/-1066soft"
617,"0hard/-730medium/-1033soft"
618,"0hard/-730medium/-994soft"
621,"0hard/-730medium/-992soft"
622,"0hard/-729medium/-982soft"
624,"0hard/-729medium/-806soft"
627,"0hard/-729medium/-800soft"
630,"0hard/-728medium/-800soft"
631,"0hard/-727medium/-799soft"
635,"0hard/-727medium/-793soft"
636,"0hard/-727medium/-792soft"
637,"0hard/-727medium/-732soft"
639,"0hard/-727medium/-731soft"
641,"0hard/-727medium/-730soft"
643,"0hard/-727medium/-720soft"
643,"0hard/-726medium/-890soft"
644,"0hard/-725medium/-889soft"
646,"0hard/-725medium/-888soft"
647,"0hard/-725medium/-886soft"
648,"0hard/-724medium/-885soft"
649,"0hard/-724medium/-814soft"
651,"0hard/-724medium/-812soft"
652,"0hard/-723medium/-812soft"
653,"0hard/-723medium/-811soft"
654,"0hard/-723medium/-801soft"
655,"0hard/-722medium/-791soft"
656,"0hard/-721medium/-770soft"
658,"0hard/-721medium/-769soft"
659,"0hard/-720medium/-937soft"
659,"0hard/-720medium/-936soft"
661,"0hard/-720medium/-915soft"
661,"0hard/-720medium/-896soft"
662,"0hard/-720medium/-716soft"
663,"0hard/-720medium/-715soft"
666,"0hard/-720medium/-654soft"
666,"0hard/-720medium/-544soft"
667,"0hard/-719medium/-755soft"
667,"0hard/-718medium/-744soft"
668,"0hard/-718medium/-734soft"
669,"0hard/-717medium/-735soft"
669,"0hard/-717medium/-704soft"
671,"0hard/-717medium/-652soft"
672,"0hard/-717medium/-643soft"
673,"0hard/-717medium/-638soft"
673,"0hard/-717medium/-627soft"
674,"0hard/-717medium/-626soft"
675,"0hard/-717medium/-615soft"
679,"0hard/-716medium/-615soft"
684,"0hard/-716medium/-613soft"
685,"0hard/-716medium/-612soft"
686,"0hard/-716medium/-601soft"
689,"0hard/-716medium/-600soft"
690,"0hard/-716medium/-571soft"
696,"0hard/-716medium/-541soft"
697,"0hard/-715medium/-479soft"
697,"0hard/-715medium/-469soft"
699,"0hard/-715medium/-461soft"
700,"0hard/-714medium/-630soft"
701,"0hard/-714medium/-620soft"
702,"0hard/-714medium/-619soft"
709,"0hard/-714medium/-449soft"
710,"0hard/-714medium/-430soft"
710,"0hard/-713medium/-419soft"
713,"0hard/-712medium/-417soft"
716,"0hard/-711medium/-417soft"
717,"0hard/-711medium/-366soft"
718,"0hard/-711medium/-365soft"
721,"0hard/-710medium/-365soft"
721,"0hard/-710medium/-364soft"
724,"0hard/-710medium/-335soft"
724,"0hard/-709medium/-335soft"
725,"0hard/-708medium/-314soft"
726,"0hard/-707medium/-314soft"
727,"0hard/-707medium/-284soft"
728,"0hard/-706medium/-263soft"
736,"0hard/-706medium/-262soft"
736,"0hard/-706medium/-252soft"
739,"0hard/-706medium/-59soft"
740,"0hard/-706medium/-30soft"
741,"0hard/-706medium/-22soft"
742,"0hard/-705medium/-21soft"
742,"0hard/-705medium/-11soft"
744,"0hard/-704medium/-11soft"
749,"0hard/-704medium/9soft"
750,"0hard/-703medium/-161soft"
751,"0hard/-703medium/-151soft"
752,"0hard/-703medium/-141soft"
753,"0hard/-703medium/-140soft"
754,"0hard/-702medium/-98soft"
757,"0hard/-702medium/-59soft"
760,"0hard/-702medium/110soft"
762,"0hard/-702medium/111soft"
762,"0hard/-702medium/112soft"
763,"0hard/-702medium/120soft"
765,"0hard/-701medium/121soft"
766,"0hard/-700medium/-50soft"
772,"0hard/-700medium/-48soft"
773,"0hard/-700medium/-13soft"
776,"0hard/-699medium/-2soft"
777,"0hard/-699medium/9soft"
780,"0hard/-699medium/10soft"
782,"0hard/-698medium/40soft"
785,"0hard/-698medium/45soft"
787,"0hard/-698medium/50soft"
788,"0hard/-697medium/50soft"
790,"0hard/-697medium/81soft"
790,"0hard/-697medium/86soft"
792,"0hard/-696medium/84soft"
792,"0hard/-695medium/84soft"
793,"0hard/-694medium/96soft"
794,"0hard/-693medium/102soft"
795,"0hard/-693medium/104soft"
796,"0hard/-692medium/105soft"
797,"0hard/-691medium/106soft"
799,"0hard/-691medium/107soft"
800,"0hard/-691medium/128soft"
800,"0hard/-691medium/158soft"
806,"0hard/-690medium/160soft"
808,"0hard/-690medium/163soft"
808,"0hard/-690medium/164soft"
809,"0hard/-690medium/174soft"
809,"0hard/-690medium/179soft"
811,"0hard/-689medium/180soft"
815,"0hard/-689medium/181soft"
817,"0hard/-689medium/192soft"
819,"0hard/-689medium/336soft"
819,"0hard/-689medium/370soft"
820,"0hard/-689medium/375soft"
821,"0hard/-689medium/407soft"
824,"0hard/-688medium/438soft"
825,"0hard/-688medium/612soft"
827,"0hard/-688medium/830soft"
828,"0hard/-688medium/840soft"
829,"0hard/-687medium/852soft"
830,"0hard/-687medium/864soft"
831,"0hard/-687medium/884soft"
835,"0hard/-687medium/885soft"
836,"0hard/-687medium/950soft"
841,"0hard/-687medium/955soft"
842,"0hard/-687medium/956soft"
844,"0hard/-686medium/977soft"
845,"0hard/-685medium/1027soft"
848,"0hard/-684medium/858soft"
854,"0hard/-684medium/904soft"
855,"0hard/-684medium/955soft"
856,"0hard/-684medium/961soft"
856,"0hard/-683medium/972soft"
858,"0hard/-683medium/976soft"
858,"0hard/-683medium/989soft"
862,"0hard/-683medium/998soft"
863,"0hard/-682medium/1009soft"
864,"0hard/-681medium/1010soft"
865,"0hard/-681medium/1030soft"
868,"0hard/-681medium/1040soft"
870,"0hard/-680medium/1041soft"
872,"0hard/-680medium/1062soft"
874,"0hard/-680medium/1132soft"
875,"0hard/-680medium/1143soft"
875,"0hard/-679medium/1143soft"
876,"0hard/-679medium/1147soft"
876,"0hard/-678medium/1148soft"
877,"0hard/-677medium/1149soft"
878,"0hard/-677medium/1159soft"
882,"0hard/-676medium/1158soft"
883,"0hard/-675medium/1158soft"
884,"0hard/-675medium/1167soft"
890,"0hard/-675medium/1186soft"
892,"0hard/-675medium/1187soft"
893,"0hard/-675medium/1194soft"
893,"0hard/-675medium/1264soft"
895,"0hard/-675medium/1433soft"
896,"0hard/-674medium/1433soft"
897,"0hard/-674medium/1482soft"
898,"0hard/-674medium/1532soft"
899,"0hard/-674medium/1533soft"
900,"0hard/-674medium/1540soft"
900,"0hard/-673medium/1541soft"
901,"0hard/-673medium/1551soft"
903,"0hard/-672medium/1551soft"
903,"0hard/-671medium/1556soft"
903,"0hard/-671medium/1785soft"
904,"0hard/-671medium/1795soft"
904,"0hard/-671medium/1885soft"
906,"0hard/-671medium/1886soft"
907,"0hard/-670medium/1886soft"
910,"0hard/-670medium/1906soft"
911,"0hard/-670medium/1914soft"
913,"0hard/-669medium/1914soft"
915,"0hard/-668medium/1915soft"
916,"0hard/-668medium/1925soft"
918,"0hard/-668medium/1926soft"
919,"0hard/-668medium/1976soft"
921,"0hard/-668medium/1991soft"
923,"0hard/-668medium/2001soft"
923,"0hard/-667medium/2031soft"
926,"0hard/-667medium/2036soft"
927,"0hard/-666medium/2036soft"
928,"0hard/-665medium/2047soft"
931,"0hard/-664medium/2118soft"
933,"0hard/-664medium/2119soft"
935,"0hard/-664medium/2139soft"
939,"0hard/-664medium/2149soft"
940,"0hard/-664medium/2169soft"
940,"0hard/-664medium/2174soft"
943,"0hard/-664medium/2175soft"
945,"0hard/-664medium/2190soft"
947,"0hard/-664medium/2230soft"
948,"0hard/-664medium/2240soft"
949,"0hard/-663medium/2241soft"
949,"0hard/-662medium/2241soft"
950,"0hard/-662medium/2260soft"
954,"0hard/-662medium/2269soft"
956,"0hard/-662medium/2270soft"
956,"0hard/-662medium/2290soft"
957,"0hard/-661medium/2290soft"
958,"0hard/-661medium/2291soft"
960,"0hard/-661medium/2331soft"
964,"0hard/-660medium/2162soft"
966,"0hard/-660medium/2172soft"
967,"0hard/-660medium/2182soft"
968,"0hard/-660medium/2183soft"
971,"0hard/-660medium/2423soft"
973,"0hard/-659medium/2424soft"
976,"0hard/-659medium/2434soft"
981,"0hard/-659medium/2444soft"
982,"0hard/-658medium/2445soft"
987,"0hard/-657medium/2455soft"
988,"0hard/-657medium/2475soft"
988,"0hard/-657medium/2476soft"
990,"0hard/-657medium/2496soft"
998,"0hard/-656medium/2496soft"
1000,"0hard/-656medium/2506soft"
1000,"0hard/-656medium/2507soft"
1001,"0hard/-656medium/2556soft"
1004,"0hard/-656medium/2557soft"
1008,"0hard/-656medium/2559soft"
1009,"0hard/-655medium/2559soft"
1011,"0hard/-655medium/2776soft"
1012,"0hard/-655medium/2780soft"
1012,"0hard/-655medium/2950soft"
1013,"0hard/-654medium/2950soft"
1015,"0hard/-653medium/2951soft"
1017,"0hard/-652medium/2954soft"
1019,"0hard/-652medium/2980soft"
1021,"0hard/-652medium/3014soft"
1023,"0hard/-652medium/3042soft"
1023,"0hard/-652medium/3081soft"
1031,"0hard/-652medium/3151soft"
1034,"0hard/-652medium/3161soft"
1035,"0hard/-652medium/3181soft"
1039,"0hard/-652medium/3213soft"
1040,"0hard/-651medium/3044soft"
1042,"0hard/-651medium/3215soft"
1048,"0hard/-651medium/3226soft"
1049,"0hard/-650medium/3236soft"
1050,"0hard/-650medium/3256soft"
1051,"0hard/-650medium/3276soft"
1051,"0hard/-650medium/3286soft"
1052,"0hard/-650medium/3288soft"
1054,"0hard/-649medium/3288soft"
1057,"0hard/-649medium/3289soft"
1059,"0hard/-649medium/3325soft"
1062,"0hard/-649medium/3375soft"
1063,"0hard/-649medium/3376soft"
1063,"0hard/-649medium/3424soft"
1064,"0hard/-649medium/3474soft"
1064,"0hard/-649medium/3475soft"
1066,"0hard/-649medium/3496soft"
1067,"0hard/-649medium/3506soft"
1068,"0hard/-649medium/3516soft"
1071,"0hard/-648medium/3296soft"
1073,"0hard/-648medium/3390soft"
1075,"0hard/-647medium/3389soft"
1075,"0hard/-646medium/3389soft"
1078,"0hard/-645medium/3389soft"
1080,"0hard/-645medium/3391soft"
1083,"0hard/-645medium/3608soft"
1084,"0hard/-644medium/3618soft"
1085,"0hard/-644medium/3832soft"
1093,"0hard/-644medium/4044soft"
1094,"0hard/-644medium/4074soft"
1095,"0hard/-644medium/4114soft"
1099,"0hard/-644medium/4143soft"
1099,"0hard/-644medium/4144soft"
1110,"0hard/-644medium/4145soft"
1115,"0hard/-644medium/4146soft"
1116,"0hard/-644medium/4148soft"
1119,"0hard/-644medium/4259soft"
1124,"0hard/-643medium/4089soft"
1124,"0hard/-643medium/4095soft"
1125,"0hard/-643medium/4135soft"
1125,"0hard/-642medium/4135soft"
1126,"0hard/-642medium/4142soft"
1127,"0hard/-641medium/4142soft"
1128,"0hard/-641medium/4144soft"
1129,"0hard/-641medium/4154soft"
1133,"0hard/-641medium/4236soft"
1134,"0hard/-641medium/4246soft"
1142,"0hard/-641medium/4253soft"
1144,"0hard/-640medium/4082soft"
1145,"0hard/-639medium/4103soft"
1146,"0hard/-638medium/4104soft"
1152,"0hard/-638medium/4164soft"
1156,"0hard/-638medium/4273soft"
1159,"0hard/-638medium/4274soft"
1160,"0hard/-638medium/4487soft"
1162,"0hard/-638medium/4492soft"
1162,"0hard/-638medium/4512soft"
1164,"0hard/-638medium/4546soft"
1166,"0hard/-637medium/4376soft"
1167,"0hard/-637medium/4456soft"
1168,"0hard/-637medium/4464soft"
1168,"0hard/-636medium/4465soft"
1176,"0hard/-636medium/4471soft"
1178,"0hard/-636medium/4480soft"
1180,"0hard/-636medium/4490soft"
1183,"0hard/-636medium/4499soft"
1185,"0hard/-636medium/4609soft"
1186,"0hard/-636medium/4610soft"
1187,"0hard/-636medium/4830soft"
1190,"0hard/-636medium/4880soft"
1190,"0hard/-636medium/4893soft"
1192,"0hard/-635medium/4894soft"
1192,"0hard/-635medium/4903soft"
1210,"0hard/-635medium/4953soft"
1211,"0hard/-634medium/4953soft"
1213,"0hard/-634medium/4980soft"
1214,"0hard/-634medium/4986soft"
1217,"0hard/-634medium/5095soft"
1220,"0hard/-633medium/5106soft"
1223,"0hard/-633medium/5116soft"
1225,"0hard/-633medium/5126soft"
1229,"0hard/-632medium/5125soft"
1230,"0hard/-632medium/5135soft"
1231,"0hard/-631medium/5137soft"
1237,"0hard/-630medium/5137soft"
1238,"0hard/-630medium/5147soft"
1239,"0hard/-629medium/4929soft"
1239,"0hard/-629medium/4930soft"
1243,"0hard/-629medium/4940soft"
1244,"0hard/-629medium/4945soft"
1244,"0hard/-629medium/4980soft"
1248,"0hard/-629medium/4989soft"
1249,"0hard/-629medium/4999soft"
1249,"0hard/-629medium/5005soft"
1250,"0hard/-629medium/5035soft"
1252,"0hard/-628medium/5057soft"
1252,"0hard/-628medium/5058soft"
1253,"0hard/-628medium/5276soft"
1254,"0hard/-627medium/5107soft"
1257,"0hard/-627medium/5108soft"
1259,"0hard/-627medium/5109soft"
1262,"0hard/-626medium/5151soft"
1263,"0hard/-626medium/5172soft"
1267,"0hard/-626medium/5173soft"
1267,"0hard/-626medium/5274soft"
1268,"0hard/-626medium/5275soft"
1272,"0hard/-626medium/5285soft"
1272,"0hard/-626medium/5325soft"
1275,"0hard/-626medium/5335soft"
1276,"0hard/-626medium/5336soft"
1276,"0hard/-626medium/5338soft"
1278,"0hard/-625medium/5169soft"
1281,"0hard/-625medium/5170soft"
1283,"0hard/-625medium/5175soft"
1287,"0hard/-625medium/5245soft"
1289,"0hard/-625medium/5335soft"
1292,"0hard/-624medium/5346soft"
1293,"0hard/-623medium/5347soft"
1295,"0hard/-623medium/5367soft"
1302,"0hard/-622medium/5367soft"
1302,"0hard/-621medium/5388soft"
1304,"0hard/-621medium/5398soft"
1307,"0hard/-621medium/5459soft"
1307,"0hard/-620medium/5459soft"
1312,"0hard/-619medium/5504soft"
1319,"0hard/-619medium/5516soft"
1321,"0hard/-619medium/5526soft"
1322,"0hard/-618medium/5526soft"
1323,"0hard/-618medium/5527soft"
1326,"0hard/-617medium/5527soft"
1335,"0hard/-616medium/5527soft"
1338,"0hard/-616medium/5644soft"
1341,"0hard/-615medium/5645soft"
1341,"0hard/-615medium/5651soft"
1342,"0hard/-615medium/5653soft"
1343,"0hard/-615medium/5654soft"
1346,"0hard/-615medium/5664soft"
1346,"0hard/-615medium/5666soft"
1348,"0hard/-615medium/5676soft"
1348,"0hard/-614medium/5676soft"
1351,"0hard/-614medium/5778soft"
1353,"0hard/-613medium/5778soft"
1353,"0hard/-613medium/5807soft"
1354,"0hard/-613medium/5889soft"
1356,"0hard/-613medium/5979soft"
1359,"0hard/-613medium/5999soft"
1361,"0hard/-612medium/5999soft"
1362,"0hard/-612medium/6009soft"
1363,"0hard/-612medium/6010soft"
1364,"0hard/-612medium/6060soft"
1365,"0hard/-612medium/6118soft"
1369,"0hard/-612medium/6136soft"
1369,"0hard/-612medium/6156soft"
1380,"0hard/-612medium/6206soft"
1380,"0hard/-611medium/6206soft"
1387,"0hard/-611medium/6216soft"
1391,"0hard/-610medium/6217soft"
1397,"0hard/-610medium/6347soft"
1400,"0hard/-609medium/6348soft"
1401,"0hard/-609medium/6378soft"
1405,"0hard/-609medium/6402soft"
1406,"0hard/-609medium/6411soft"
1416,"0hard/-609medium/6421soft"
1417,"0hard/-609medium/6491soft"
1421,"0hard/-609medium/6501soft"
1430,"0hard/-609medium/6557soft"
1434,"0hard/-608medium/6557soft"
1437,"0hard/-608medium/6563soft"
1437,"0hard/-608medium/6564soft"
1438,"0hard/-608medium/6574soft"
1439,"0hard/-607medium/6574soft"
1440,"0hard/-606medium/6646soft"
1444,"0hard/-606medium/6656soft"
1447,"0hard/-606medium/6659soft"
1449,"0hard/-605medium/6660soft"
1450,"0hard/-605medium/6900soft"
1453,"0hard/-605medium/6951soft"
1455,"0hard/-605medium/7001soft"
1455,"0hard/-605medium/7004soft"
1459,"0hard/-605medium/7005soft"
1459,"0hard/-604medium/7005soft"
1461,"0hard/-604medium/7035soft"
1462,"0hard/-604medium/7095soft"
1463,"0hard/-604medium/7106soft"
1463,"0hard/-604medium/7126soft"
1467,"0hard/-603medium/7127soft"
1470,"0hard/-603medium/7136soft"
1471,"0hard/-602medium/7228soft"
1472,"0hard/-602medium/7230soft"
1479,"0hard/-602medium/7232soft"
1481,"0hard/-602medium/7233soft"
1483,"0hard/-601medium/7233soft"
1485,"0hard/-601medium/7234soft"
1486,"0hard/-601medium/7239soft"
1486,"0hard/-600medium/7239soft"
1488,"0hard/-600medium/7248soft"
1489,"0hard/-599medium/7248soft"
1491,"0hard/-599medium/7414soft"
1492,"0hard/-598medium/7414soft"
1494,"0hard/-598medium/7425soft"
1496,"0hard/-598medium/7426soft"
1497,"0hard/-598medium/7427soft"
1501,"0hard/-598medium/7437soft"
1504,"0hard/-598medium/7441soft"
1514,"0hard/-598medium/7462soft"
1519,"0hard/-597medium/7464soft"
1521,"0hard/-597medium/7469soft"
1522,"0hard/-596medium/7470soft"
1526,"0hard/-596medium/7471soft"
1527,"0hard/-595medium/7300soft"
1528,"0hard/-594medium/7301soft"
1531,"0hard/-594medium/7351soft"
1544,"0hard/-594medium/7352soft"
1545,"0hard/-593medium/7352soft"
1561,"0hard/-593medium/7372soft"
1562,"0hard/-593medium/7381soft"
1572,"0hard/-592medium/7382soft"
1574,"0hard/-591medium/7382soft"
1575,"0hard/-591medium/7392soft"
1579,"0hard/-590medium/7392soft"
1589,"0hard/-590medium/7557soft"
1593,"0hard/-590medium/7579soft"
1594,"0hard/-590medium/7610soft"
1595,"0hard/-590medium/7663soft"
1596,"0hard/-590medium/7665soft"
1604,"0hard/-590medium/7666soft"
1606,"0hard/-590medium/7668soft"
1613,"0hard/-589medium/7739soft"
1622,"0hard/-589medium/7740soft"
1623,"0hard/-589medium/7750soft"
1627,"0hard/-589medium/7751soft"
1628,"0hard/-589medium/7766soft"
1638,"0hard/-589medium/7856soft"
1644,"0hard/-588medium/7682soft"
1647,"0hard/-588medium/7694soft"
1650,"0hard/-588medium/7734soft"
1654,"0hard/-587medium/7562soft"
1655,"0hard/-586medium/7563soft"
1663,"0hard/-585medium/7393soft"
1664,"0hard/-585medium/7434soft"
1667,"0hard/-585medium/7444soft"
1668,"0hard/-585medium/7445soft"
1668,"0hard/-585medium/7467soft"
1670,"0hard/-585medium/7469soft"
1671,"0hard/-584medium/7469soft"
1673,"0hard/-584medium/7635soft"
1676,"0hard/-584medium/7636soft"
1677,"0hard/-584medium/7637soft"
1678,"0hard/-583medium/7659soft"
1681,"0hard/-582medium/7659soft"
1682,"0hard/-581medium/7660soft"
1686,"0hard/-580medium/7489soft"
1687,"0hard/-579medium/7489soft"
1689,"0hard/-578medium/7489soft"
1691,"0hard/-578medium/7498soft"
1695,"0hard/-578medium/7500soft"
1698,"0hard/-578medium/7510soft"
1699,"0hard/-578medium/7518soft"
1701,"0hard/-578medium/7519soft"
1701,"0hard/-578medium/7734soft"
1702,"0hard/-578medium/7744soft"
1706,"0hard/-578medium/7940soft"
1710,"0hard/-578medium/8111soft"
1711,"0hard/-578medium/8112soft"
1711,"0hard/-578medium/8121soft"
1718,"0hard/-577medium/8120soft"
1722,"0hard/-577medium/8124soft"
1723,"0hard/-577medium/8154soft"
1726,"0hard/-576medium/8157soft"
1733,"0hard/-576medium/8181soft"
1737,"0hard/-576medium/8251soft"
1742,"0hard/-576medium/8252soft"
1752,"0hard/-576medium/8256soft"
1756,"0hard/-576medium/8499soft"
1758,"0hard/-575medium/8500soft"
1761,"0hard/-575medium/8536soft"
1764,"0hard/-575medium/8537soft"
1773,"0hard/-575medium/8539soft"
1784,"0hard/-575medium/8549soft"
1785,"0hard/-575medium/8559soft"
1786,"0hard/-574medium/8571soft"
1802,"0hard/-574medium/8611soft"
1809,"0hard/-574medium/8612soft"
1816,"0hard/-574medium/8682soft"
1817,"0hard/-574medium/8722soft"
1819,"0hard/-574medium/8752soft"
1826,"0hard/-573medium/8752soft"
1837,"0hard/-573medium/8753soft"
1845,"0hard/-573medium/8793soft"
1849,"0hard/-573medium/8794soft"
1853,"0hard/-573medium/8795soft"
1856,"0hard/-573medium/8805soft"
1863,"0hard/-572medium/8805soft"
1865,"0hard/-572medium/8836soft"
1868,"0hard/-572medium/8926soft"
1872,"0hard/-572medium/8927soft"
1874,"0hard/-572medium/8935soft"
1875,"0hard/-572medium/8936soft"
1876,"0hard/-571medium/8938soft"
1879,"0hard/-571medium/8988soft"
1881,"0hard/-571medium/9010soft"
1883,"0hard/-571medium/9019soft"
1884,"0hard/-570medium/9011soft"
1885,"0hard/-569medium/9022soft"
1889,"0hard/-569medium/9032soft"
1891,"0hard/-568medium/8863soft"
1906,"0hard/-568medium/8864soft"
1909,"0hard/-568medium/8874soft"
1910,"0hard/-568medium/8875soft"
1911,"0hard/-568medium/8904soft"
1914,"0hard/-568medium/8915soft"
1915,"0hard/-567medium/8915soft"
1916,"0hard/-567medium/8925soft"
1919,"0hard/-567medium/9019soft"
1920,"0hard/-567medium/9149soft"
1924,"0hard/-567medium/9161soft"
1928,"0hard/-567medium/9171soft"
1929,"0hard/-567medium/9181soft"
1930,"0hard/-567medium/9182soft"
1932,"0hard/-567medium/9183soft"
1935,"0hard/-566medium/9183soft"
1937,"0hard/-566medium/9293soft"
1944,"0hard/-566medium/9312soft"
1950,"0hard/-565medium/9312soft"
1959,"0hard/-565medium/9314soft"
1963,"0hard/-565medium/9494soft"
1968,"0hard/-565medium/9524soft"
1972,"0hard/-565medium/9526soft"
1976,"0hard/-565medium/9556soft"
1977,"0hard/-565medium/9666soft"
1979,"0hard/-564medium/9667soft"
1981,"0hard/-564medium/9677soft"
1984,"0hard/-564medium/9697soft"
1986,"0hard/-564medium/9756soft"
1990,"0hard/-563medium/9756soft"
1993,"0hard/-563medium/9765soft"
1994,"0hard/-563medium/9795soft"
2000,"0hard/-563medium/9796soft"
2001,"0hard/-563medium/9836soft"
2002,"0hard/-562medium/9836soft"
2008,"0hard/-562medium/9846soft"
2012,"0hard/-561medium/9846soft"
2012,"0hard/-561medium/9847soft"
2014,"0hard/-561medium/9849soft"
2022,"0hard/-561medium/9870soft"
2026,"0hard/-561medium/9970soft"
2035,"0hard/-561medium/10100soft"
2047,"0hard/-561medium/10101soft"
2048,"0hard/-561medium/10161soft"
2051,"0hard/-560medium/10182soft"
2054,"0hard/-560medium/10194soft"
2061,"0hard/-560medium/10214soft"
2062,"0hard/-560medium/10274soft"
2064,"0hard/-560medium/10275soft"
2072,"0hard/-560medium/10294soft"
2077,"0hard/-560medium/10314soft"
2078,"0hard/-559medium/10313soft"
2079,"0hard/-559medium/10323soft"
2087,"0hard/-559medium/10483soft"
2090,"0hard/-559medium/10624soft"
2091,"0hard/-559medium/10626soft"
2095,"0hard/-559medium/10636soft"
2096,"0hard/-559medium/10646soft"
2098,"0hard/-558medium/10702soft"
2098,"0hard/-557medium/10702soft"
2102,"0hard/-557medium/10722soft"
2104,"0hard/-557medium/10800soft"
2105,"0hard/-557medium/10804soft"
2109,"0hard/-557medium/10983soft"
2111,"0hard/-556medium/10814soft"
2112,"0hard/-555medium/10815soft"
2121,"0hard/-555medium/10818soft"
2122,"0hard/-555medium/10819soft"
2137,"0hard/-554medium/10820soft"
2141,"0hard/-554medium/10821soft"
2146,"0hard/-554medium/10950soft"
2151,"0hard/-554medium/10959soft"
2164,"0hard/-554medium/10979soft"
2169,"0hard/-554medium/10981soft"
2174,"0hard/-554medium/11021soft"
2182,"0hard/-554medium/11028soft"
2183,"0hard/-553medium/11028soft"
2185,"0hard/-553medium/11032soft"
2191,"0hard/-553medium/11062soft"
2198,"0hard/-553medium/11067soft"
2209,"0hard/-552medium/10897soft"
2220,"0hard/-552medium/10899soft"
2221,"0hard/-552medium/10929soft"
2225,"0hard/-552medium/10939soft"
2235,"0hard/-552medium/10947soft"
2246,"0hard/-551medium/10948soft"
2249,"0hard/-551medium/10968soft"
2251,"0hard/-551medium/11032soft"
2253,"0hard/-550medium/10814soft"
2257,"0hard/-549medium/10810soft"
2265,"0hard/-549medium/10815soft"
2267,"0hard/-548medium/10815soft"
2269,"0hard/-548medium/10817soft"
2271,"0hard/-548medium/10995soft"
2273,"0hard/-547medium/10826soft"
2280,"0hard/-547medium/10834soft"
2282,"0hard/-547medium/11034soft"
2286,"0hard/-547medium/11134soft"
2290,"0hard/-546medium/11134soft"
2303,"0hard/-546medium/11204soft"
2304,"0hard/-545medium/11204soft"
2307,"0hard/-545medium/11206soft"
2310,"0hard/-545medium/11216soft"
2312,"0hard/-545medium/11225soft"
2319,"0hard/-544medium/11225soft"
2320,"0hard/-544medium/11235soft"
2327,"0hard/-544medium/11236soft"
2328,"0hard/-544medium/11240soft"
2329,"0hard/-544medium/11300soft"
2330,"0hard/-544medium/11301soft"
2341,"0hard/-543medium/11402soft"
2357,"0hard/-543medium/11442soft"
2360,"0hard/-542medium/11502soft"
2366,"0hard/-541medium/11502soft"
2368,"0hard/-541medium/11503soft"
2369,"0hard/-540medium/11503soft"
2383,"0hard/-540medium/11523soft"
2386,"0hard/-539medium/11524soft"
2390,"0hard/-539medium/11573soft"
2392,"0hard/-539medium/11575soft"
2393,"0hard/-539medium/11625soft"
2400,"0hard/-539medium/11640soft"
2402,"0hard/-539medium/11649soft"
2408,"0hard/-539medium/11650soft"
2411,"0hard/-539medium/11659soft"
2419,"0hard/-539medium/11877soft"
2428,"0hard/-539medium/11879soft"
2429,"0hard/-539medium/11889soft"
2429,"0hard/-539medium/11899soft"
2430,"0hard/-539medium/11905soft"
2430,"0hard/-538medium/11905soft"
2433,"0hard/-538medium/11906soft"
2446,"0hard/-538medium/11926soft"
2449,"0hard/-538medium/11927soft"
2450,"0hard/-538medium/11928soft"
2452,"0hard/-538medium/11938soft"
2453,"0hard/-537medium/11938soft"
2456,"0hard/-537medium/11948soft"
2459,"0hard/-537medium/12018soft"
2461,"0hard/-537medium/12026soft"
2462,"0hard/-537medium/12027soft"
2462,"0hard/-536medium/12027soft"
2463,"0hard/-536medium/12028soft"
2469,"0hard/-536medium/12118soft"
2480,"0hard/-536medium/12119soft"
2480,"0hard/-535medium/12119soft"
2485,"0hard/-535medium/12189soft"
2496,"0hard/-535medium/12239soft"
2498,"0hard/-535medium/12269soft"
2499,"0hard/-534medium/12269soft"
2501,"0hard/-534medium/12290soft"
2502,"0hard/-534medium/12360soft"
2503,"0hard/-534medium/12375soft"
2504,"0hard/-534medium/12455soft"
2505,"0hard/-534medium/12466soft"
2507,"0hard/-534medium/12467soft"
2508,"0hard/-534medium/12482soft"
2514,"0hard/-534medium/12488soft"
2520,"0hard/-534medium/12489soft"
2526,"0hard/-534medium/12505soft"
2530,"0hard/-534medium/12515soft"
2540,"0hard/-534medium/12525soft"
2548,"0hard/-534medium/12625soft"
2556,"0hard/-534medium/12635soft"
2558,"0hard/-534medium/12644soft"
2566,"0hard/-533medium/12664soft"
2579,"0hard/-533medium/12757soft"
2604,"0hard/-533medium/12817soft"
2607,"0hard/-533medium/12827soft"
2610,"0hard/-533medium/12887soft"
2622,"0hard/-532medium/12888soft"
2629,"0hard/-532medium/12908soft"
2637,"0hard/-532medium/12927soft"
2639,"0hard/-532medium/12937soft"
2647,"0hard/-532medium/13017soft"
2653,"0hard/-532medium/13217soft"
2655,"0hard/-532medium/13227soft"
2658,"0hard/-532medium/13228soft"
2660,"0hard/-532medium/13233soft"
2664,"0hard/-532medium/13234soft"
2665,"0hard/-532medium/13264soft"
2668,"0hard/-532medium/13284soft"
2675,"0hard/-532medium/13304soft"
2679,"0hard/-532medium/13356soft"
2680,"0hard/-532medium/13362soft"
2680,"0hard/-532medium/13412soft"
2687,"0hard/-532medium/13414soft"
2691,"0hard/-531medium/13415soft"
2695,"0hard/-530medium/13445soft"
2697,"0hard/-530medium/13465soft"
2698,"0hard/-529medium/13537soft"
2702,"0hard/-529medium/13543soft"
2710,"0hard/-529medium/13623soft"
2717,"0hard/-529medium/13624soft"
2723,"0hard/-529medium/13634soft"
2724,"0hard/-529medium/13644soft"
2725,"0hard/-528medium/13645soft"
2735,"0hard/-528medium/13655soft"
2750,"0hard/-528medium/13656soft"
2760,"0hard/-528medium/13667soft"
2762,"0hard/-528medium/13676soft"
2774,"0hard/-527medium/13676soft"
2776,"0hard/-527medium/13746soft"
2788,"0hard/-527medium/13846soft"
2793,"0hard/-527medium/13871soft"
2801,"0hard/-527medium/13921soft"
2803,"0hard/-527medium/13930soft"
2811,"0hard/-527medium/13934soft"
2812,"0hard/-526medium/13934soft"
2813,"0hard/-526medium/13944soft"
2819,"0hard/-526medium/13946soft"
2822,"0hard/-526medium/13947soft"
2832,"0hard/-526medium/13967soft"
2839,"0hard/-526medium/14037soft"
2846,"0hard/-526medium/14047soft"
2849,"0hard/-525medium/14047soft"
2849,"0hard/-524medium/14048soft"
2862,"0hard/-523medium/14054soft"
2870,"0hard/-523medium/14154soft"
2873,"0hard/-522medium/13986soft"
2875,"0hard/-522medium/13987soft"
2877,"0hard/-521medium/13987soft"
2888,"0hard/-521medium/14037soft"
2893,"0hard/-521medium/14047soft"
2894,"0hard/-521medium/14067soft"
2898,"0hard/-520medium/14107soft"
2900,"0hard/-520medium/14133soft"
2910,"0hard/-520medium/14203soft"
2912,"0hard/-520medium/14293soft"
2918,"0hard/-520medium/14383soft"
2919,"0hard/-520medium/14423soft"
2924,"0hard/-520medium/14471soft"
2937,"0hard/-520medium/14481soft"
2955,"0hard/-520medium/14491soft"
2958,"0hard/-520medium/14583soft"
2961,"0hard/-519medium/14583soft"
2962,"0hard/-519medium/14593soft"
2980,"0hard/-518medium/14593soft"
3008,"0hard/-518medium/14753soft"
3012,"0hard/-517medium/14753soft"
3013,"0hard/-517medium/14760soft"
3028,"0hard/-517medium/14766soft"
3030,"0hard/-517medium/14772soft"
3038,"0hard/-517medium/14774soft"
3039,"0hard/-517medium/14775soft"
3053,"0hard/-517medium/14915soft"
3054,"0hard/-517medium/15035soft"
3055,"0hard/-517medium/15057soft"
3060,"0hard/-517medium/15061soft"
3067,"0hard/-517medium/15083soft"
3074,"0hard/-517medium/15086soft"
3079,"0hard/-517medium/15096soft"
3083,"0hard/-517medium/15106soft"
3086,"0hard/-517medium/15266soft"
3088,"0hard/-516medium/15272soft"
3089,"0hard/-516medium/15290soft"
3091,"0hard/-515medium/15120soft"
3092,"0hard/-515medium/15200soft"
3096,"0hard/-514medium/15212soft"
3110,"0hard/-514medium/15222soft"
3111,"0hard/-514medium/15272soft"
3116,"0hard/-514medium/15283soft"
3142,"0hard/-513medium/15283soft"
3142,"0hard/-512medium/15282soft"
3144,"0hard/-512medium/15284soft"
3148,"0hard/-512medium/15356soft"
3153,"0hard/-512medium/15380soft"
3157,"0hard/-512medium/15400soft"
3166,"0hard/-512medium/15402soft"
3176,"0hard/-512medium/15512soft"
3176,"0hard/-511medium/15512soft"
3177,"0hard/-511medium/15516soft"
3194,"0hard/-511medium/15517soft"
3196,"0hard/-510medium/15299soft"
3203,"0hard/-509medium/15299soft"
3213,"0hard/-508medium/15299soft"
3217,"0hard/-508medium/15327soft"
3224,"0hard/-508medium/15337soft"
3224,"0hard/-508medium/15357soft"
3233,"0hard/-508medium/15393soft"
3235,"0hard/-508medium/15394soft"
3238,"0hard/-508medium/15402soft"
3240,"0hard/-508medium/15472soft"
3250,"0hard/-508medium/15482soft"
3251,"0hard/-508medium/15502soft"
3259,"0hard/-508medium/15512soft"
3261,"0hard/-508medium/15532soft"
3262,"0hard/-508medium/15534soft"
3265,"0hard/-508medium/15535soft"
3267,"0hard/-508medium/15537soft"
3268,"0hard/-508medium/15547soft"
3271,"0hard/-508medium/15557soft"
3286,"0hard/-508medium/15637soft"
3288,"0hard/-507medium/15638soft"
3297,"0hard/-507medium/15639soft"
3303,"0hard/-507medium/15643soft"
3314,"0hard/-507medium/15664soft"
3314,"0hard/-507medium/15764soft"
3327,"0hard/-507medium/15784soft"
3328,"0hard/-507medium/15794soft"
3332,"0hard/-507medium/15796soft"
3335,"0hard/-507medium/15798soft"
3339,"0hard/-507medium/15808soft"
3384,"0hard/-507medium/15878soft"
3392,"0hard/-507medium/15880soft"
3394,"0hard/-506medium/15880soft"
3397,"0hard/-506medium/15900soft"
3412,"0hard/-506medium/15948soft"
3419,"0hard/-506medium/16018soft"
3428,"0hard/-506medium/16031soft"
3434,"0hard/-506medium/16034soft"
3439,"0hard/-505medium/16034soft"
3439,"0hard/-504medium/16044soft"
3450,"0hard/-504medium/16213soft"
3451,"0hard/-504medium/16253soft"
3453,"0hard/-503medium/16253soft"
3456,"0hard/-503medium/16263soft"
3471,"0hard/-503medium/16285soft"
3495,"0hard/-503medium/16288soft"
3512,"0hard/-503medium/16312soft"
3516,"0hard/-503medium/16322soft"
3518,"0hard/-503medium/16323soft"
3524,"0hard/-502medium/16323soft"
3529,"0hard/-501medium/16323soft"
3555,"0hard/-501medium/16343soft"
3588,"0hard/-501medium/16363soft"
3595,"0hard/-501medium/16366soft"
3604,"0hard/-501medium/16376soft"
3608,"0hard/-501medium/16386soft"
3609,"0hard/-501medium/16388soft"
3616,"0hard/-501medium/16399soft"
3622,"0hard/-501medium/16400soft"
3652,"0hard/-501medium/16520soft"
3656,"0hard/-501medium/16610soft"
3660,"0hard/-501medium/16645soft"
3662,"0hard/-501medium/16765soft"
3672,"0hard/-500medium/16595soft"
3676,"0hard/-500medium/16596soft"
3677,"0hard/-500medium/16607soft"
3693,"0hard/-500medium/16632soft"
3698,"0hard/-500medium/16642soft"
3701,"0hard/-500medium/16652soft"
3703,"0hard/-500medium/16653soft"
3707,"0hard/-500medium/16658soft"
3712,"0hard/-500medium/16664soft"
3721,"0hard/-500medium/16673soft"
3731,"0hard/-500medium/16845soft"
3752,"0hard/-500medium/16851soft"
3757,"0hard/-500medium/16862soft"
3761,"0hard/-500medium/16863soft"
3763,"0hard/-500medium/16887soft"
3768,"0hard/-500medium/17017soft"
3768,"0hard/-500medium/17021soft"
3775,"0hard/-500medium/17121soft"
3776,"0hard/-500medium/17214soft"
3792,"0hard/-500medium/17354soft"
3804,"0hard/-500medium/17383soft"
3817,"0hard/-500medium/17613soft"
3818,"0hard/-500medium/17623soft"
3827,"0hard/-500medium/17633soft"
3827,"0hard/-500medium/17642soft"
3829,"0hard/-500medium/17653soft"
3831,"0hard/-500medium/17663soft"
3836,"0hard/-500medium/17683soft"
3841,"0hard/-500medium/17687soft"
3842,"0hard/-500medium/17707soft"
3847,"0hard/-499medium/17708soft"
3850,"0hard/-499medium/17719soft"
3851,"0hard/-499medium/17749soft"
3858,"0hard/-499medium/17779soft"
3861,"0hard/-499medium/17799soft"
3862,"0hard/-499medium/17808soft"
3867,"0hard/-499medium/18032soft"
3883,"0hard/-499medium/18033soft"
3908,"0hard/-499medium/18034soft"
3913,"0hard/-498medium/18054soft"
3917,"0hard/-497medium/18046soft"
3922,"0hard/-497medium/18057soft"
3925,"0hard/-497medium/18097soft"
3930,"0hard/-497medium/18113soft"
3931,"0hard/-497medium/18121soft"
3933,"0hard/-497medium/18141soft"
3937,"0hard/-497medium/18143soft"
3939,"0hard/-497medium/18163soft"
3952,"0hard/-497medium/18172soft"
3955,"0hard/-497medium/18182soft"
3959,"0hard/-497medium/18189soft"
3979,"0hard/-496medium/18020soft"
3982,"0hard/-496medium/18190soft"
3988,"0hard/-496medium/18191soft"
3993,"0hard/-495medium/18191soft"
3995,"0hard/-494medium/18189soft"
4005,"0hard/-494medium/18329soft"
4013,"0hard/-494medium/18359soft"
4014,"0hard/-494medium/18367soft"
4016,"0hard/-494medium/18433soft"
4018,"0hard/-493medium/18433soft"
4022,"0hard/-493medium/18442soft"
4025,"0hard/-493medium/18632soft"
4054,"0hard/-493medium/18800soft"
4055,"0hard/-493medium/18950soft"
4057,"0hard/-493medium/18960soft"
4080,"0hard/-493medium/18964soft"
4088,"0hard/-493medium/19012soft"
4096,"0hard/-492medium/19014soft"
4097,"0hard/-492medium/19073soft"
4107,"0hard/-492medium/19081soft"
4111,"0hard/-492medium/19083soft"
4118,"0hard/-491medium/19104soft"
4120,"0hard/-491medium/19105soft"
4129,"0hard/-491medium/19115soft"
4147,"0hard/-491medium/19191soft"
4163,"0hard/-490medium/19191soft"
4186,"0hard/-490medium/19201soft"
4189,"0hard/-490medium/19370soft"
4190,"0hard/-490medium/19540soft"
4205,"0hard/-489medium/19540soft"
4210,"0hard/-489medium/19541soft"
4217,"0hard/-489medium/19600soft"
4218,"0hard/-488medium/19430soft"
4225,"0hard/-488medium/19490soft"
4251,"0hard/-488medium/19529soft"
4253,"0hard/-488medium/19530soft"
4265,"0hard/-488medium/19550soft"
4277,"0hard/-488medium/19700soft"
4279,"0hard/-488medium/19706soft"
4298,"0hard/-488medium/19724soft"
4310,"0hard/-488medium/19894soft"
4312,"0hard/-488medium/19896soft"
4317,"0hard/-487medium/19896soft"
4334,"0hard/-487medium/19905soft"
4353,"0hard/-487medium/20105soft"
4355,"0hard/-487medium/20107soft"
4356,"0hard/-487medium/20287soft"
4360,"0hard/-487medium/20387soft"
4372,"0hard/-487medium/20476soft"
4373,"0hard/-487medium/20477soft"
4375,"0hard/-487medium/20627soft"
4394,"0hard/-487medium/20637soft"
4396,"0hard/-487medium/20647soft"
4410,"0hard/-487medium/20648soft"
4416,"0hard/-487medium/20649soft"
4428,"0hard/-487medium/20650soft"
4441,"0hard/-487medium/20690soft"
4508,"0hard/-487medium/20691soft"
4514,"0hard/-487medium/20692soft"
4521,"0hard/-486medium/20692soft"
4547,"0hard/-486medium/20802soft"
4561,"0hard/-486medium/20818soft"
4583,"0hard/-486medium/20839soft"
4594,"0hard/-486medium/21039soft"
4603,"0hard/-486medium/21059soft"
4610,"0hard/-486medium/21078soft"
4634,"0hard/-486medium/21079soft"
4651,"0hard/-486medium/21099soft"
4688,"0hard/-486medium/21159soft"
4689,"0hard/-486medium/21164soft"
4692,"0hard/-485medium/21164soft"
4710,"0hard/-485medium/21174soft"
4772,"0hard/-485medium/21175soft"
4774,"0hard/-485medium/21185soft"
4782,"0hard/-484medium/21185soft"
4801,"0hard/-484medium/21195soft"
4804,"0hard/-484medium/21205soft"
4807,"0hard/-484medium/21225soft"
4820,"0hard/-484medium/21235soft"
4825,"0hard/-484medium/21237soft"
4837,"0hard/-484medium/21244soft"
4856,"0hard/-484medium/21247soft"
4857,"0hard/-484medium/21257soft"
4864,"0hard/-484medium/21308soft"
4867,"0hard/-484medium/21336soft"
4882,"0hard/-484medium/21436soft"
4885,"0hard/-484medium/21476soft"
4894,"0hard/-484medium/21506soft"
4924,"0hard/-484medium/21556soft"
4934,"0hard/-484medium/21601soft"
4938,"0hard/-484medium/21609soft"
4939,"0hard/-484medium/21619soft"
4942,"0hard/-484medium/21637soft"
4943,"0hard/-483medium/21643soft"
4947,"0hard/-483medium/21823soft"
4949,"0hard/-483medium/21829soft"
4979,"0hard/-482medium/21828soft"
4989,"0hard/-482medium/21837soft"
4998,"0hard/-482medium/21898soft"
5008,"0hard/-482medium/21899soft"
5027,"0hard/-482medium/21900soft"
5033,"0hard/-482medium/21922soft"
5048,"0hard/-482medium/21923soft"
5049,"0hard/-482medium/21924soft"
5051,"0hard/-482medium/21942soft"
5065,"0hard/-482medium/21943soft"
5072,"0hard/-481medium/21943soft"
5074,"0hard/-480medium/21773soft"
5078,"0hard/-480medium/21774soft"
5105,"0hard/-480medium/21814soft"
5112,"0hard/-480medium/21815soft"
5118,"0hard/-480medium/21947soft"
5120,"0hard/-480medium/21948soft"
5124,"0hard/-480medium/21978soft"
5124,"0hard/-480medium/21998soft"
5151,"0hard/-479medium/22000soft"
5170,"0hard/-479medium/22192soft"
5179,"0hard/-479medium/22202soft"
5180,"0hard/-478medium/22203soft"
5181,"0hard/-478medium/22382soft"
5182,"0hard/-478medium/22462soft"
5195,"0hard/-478medium/22602soft"
5232,"0hard/-478medium/22712soft"
5243,"0hard/-478medium/22722soft"
5244,"0hard/-478medium/22872soft"
5281,"0hard/-478medium/22994soft"
5283,"0hard/-478medium/23185soft"
5285,"0hard/-478medium/23186soft"
5286,"0hard/-477medium/23186soft"
5307,"0hard/-477medium/23187soft"
5314,"0hard/-476medium/23017soft"
5315,"0hard/-476medium/23023soft"
5318,"0hard/-476medium/23063soft"
5331,"0hard/-476medium/23083soft"
5334,"0hard/-476medium/23085soft"
5356,"0hard/-476medium/23105soft"
5359,"0hard/-475medium/23106soft"
5364,"0hard/-475medium/23117soft"
5381,"0hard/-474medium/23118soft"
5387,"0hard/-474medium/23127soft"
5392,"0hard/-474medium/23128soft"
5394,"0hard/-474medium/23129soft"
5396,"0hard/-474medium/23345soft"
5399,"0hard/-474medium/23356soft"
5425,"0hard/-474medium/23363soft"
5463,"0hard/-473medium/23360soft"
5497,"0hard/-473medium/23399soft"
5516,"0hard/-473medium/23433soft"
5525,"0hard/-473medium/23434soft"
5581,"0hard/-472medium/23264soft"
5586,"0hard/-472medium/23433soft"
5610,"0hard/-472medium/23663soft"
5632,"0hard/-472medium/23672soft"
5634,"0hard/-472medium/23673soft"
5653,"0hard/-472medium/23693soft"
5657,"0hard/-472medium/23733soft"
5665,"0hard/-471medium/23732soft"
5675,"0hard/-471medium/23760soft"
5695,"0hard/-471medium/23762soft"
5704,"0hard/-471medium/23943soft"
5723,"0hard/-471medium/24161soft"
5724,"0hard/-471medium/24171soft"
5732,"0hard/-471medium/24201soft"
5743,"0hard/-471medium/24372soft"
5753,"0hard/-471medium/24497soft"
5780,"0hard/-471medium/24537soft"
5808,"0hard/-471medium/24611soft"
5811,"0hard/-471medium/24621soft"
5818,"0hard/-471medium/24721soft"
5825,"0hard/-471medium/24722soft"
5830,"0hard/-471medium/24744soft"
5849,"0hard/-471medium/24756soft"
5865,"0hard/-471medium/24758soft"
5875,"0hard/-471medium/24771soft"
5876,"0hard/-471medium/24775soft"
5877,"0hard/-471medium/24785soft"
5885,"0hard/-471medium/24825soft"
5887,"0hard/-471medium/24836soft"
5921,"0hard/-471medium/24837soft"
5954,"0hard/-471medium/24848soft"
5957,"0hard/-471medium/24988soft"
5961,"0hard/-471medium/24990soft"
5973,"0hard/-471medium/24991soft"
5982,"0hard/-471medium/25014soft"
5984,"0hard/-471medium/25020soft"
5984,"0hard/-471medium/25050soft"
5984,"0hard/-471medium/25054soft"
5992,"0hard/-471medium/25055soft"
6023,"0hard/-471medium/25085soft"
6033,"0hard/-470medium/25086soft"
6037,"0hard/-470medium/25096soft"
6043,"0hard/-470medium/25106soft"
6055,"0hard/-470medium/25115soft"
6081,"0hard/-470medium/25225soft"
6082,"0hard/-469medium/25226soft"
6084,"0hard/-469medium/25246soft"
6089,"0hard/-469medium/25467soft"
6094,"0hard/-469medium/25477soft"
6098,"0hard/-469medium/25489soft"
6100,"0hard/-469medium/25490soft"
6117,"0hard/-469medium/25491soft"
6122,"0hard/-469medium/25520soft"
6153,"0hard/-469medium/25530soft"
6154,"0hard/-468medium/25530soft"
6155,"0hard/-468medium/25540soft"
6166,"0hard/-468medium/25550soft"
6168,"0hard/-468medium/25640soft"
6173,"0hard/-468medium/25643soft"
6190,"0hard/-467medium/25645soft"
6197,"0hard/-467medium/25655soft"
6209,"0hard/-467medium/25745soft"
6229,"0hard/-467medium/25755soft"
6233,"0hard/-466medium/25755soft"
6241,"0hard/-465medium/25756soft"
6261,"0hard/-465medium/25769soft"
6264,"0hard/-465medium/25770soft"
6274,"0hard/-465medium/25779soft"
6277,"0hard/-465medium/25809soft"
6278,"0hard/-465medium/25815soft"
6318,"0hard/-465medium/25859soft"
6351,"0hard/-464medium/25859soft"
6360,"0hard/-463medium/25861soft"
6401,"0hard/-463medium/25871soft"
6403,"0hard/-463medium/25874soft"
6405,"0hard/-462medium/25874soft"
6409,"0hard/-462medium/25875soft"
6439,"0hard/-462medium/25915soft"
6447,"0hard/-462medium/25955soft"
6452,"0hard/-461medium/25955soft"
6484,"0hard/-461medium/26015soft"
6490,"0hard/-460medium/26015soft"
6504,"0hard/-460medium/26029soft"
6505,"0hard/-460medium/26039soft"
6516,"0hard/-460medium/26169soft"
6527,"0hard/-460medium/26180soft"
6581,"0hard/-460medium/26190soft"
6638,"0hard/-460medium/26250soft"
6649,"0hard/-459medium/26250soft"
6690,"0hard/-459medium/26270soft"
6723,"0hard/-459medium/26271soft"
6764,"0hard/-459medium/26281soft"
6779,"0hard/-459medium/26451soft"
6808,"0hard/-459medium/26461soft"
6839,"0hard/-459medium/26462soft"
6840,"0hard/-459medium/26472soft"
6854,"0hard/-459medium/26532soft"
6859,"0hard/-459medium/26554soft"
6871,"0hard/-459medium/26564soft"
6885,"0hard/-459medium/26735soft"
6898,"0hard/-458medium/26517soft"
6898,"0hard/-458medium/26697soft"
6908,"0hard/-458medium/26736soft"
6912,"0hard/-458medium/26904soft"
6915,"0hard/-458medium/26916soft"
6955,"0hard/-458medium/26964soft"
6973,"0hard/-458medium/26984soft"
6974,"0hard/-458medium/27044soft"
6993,"0hard/-458medium/27054soft"
6997,"0hard/-458medium/27058soft"
6999,"0hard/-458medium/27059soft"
7002,"0hard/-458medium/27071soft"
7028,"0hard/-458medium/27081soft"
7063,"0hard/-458medium/27331soft"
7066,"0hard/-458medium/27341soft"
7069,"0hard/-458medium/27350soft"
7070,"0hard/-458medium/27351soft"
7081,"0hard/-458medium/27352soft"
7081,"0hard/-457medium/27166soft"
7083,"0hard/-457medium/27176soft"
7085,"0hard/-457medium/27179soft"
7117,"0hard/-457medium/27449soft"
7118,"0hard/-457medium/27599soft"
7118,"0hard/-457medium/27609soft"
7120,"0hard/-457medium/27618soft"
7125,"0hard/-456medium/27619soft"
7146,"0hard/-456medium/27791soft"
7202,"0hard/-455medium/27791soft"
7204,"0hard/-454medium/27791soft"
7206,"0hard/-454medium/27961soft"
7207,"0hard/-454medium/27981soft"
7229,"0hard/-454medium/27982soft"
7257,"0hard/-454medium/28242soft"
7274,"0hard/-454medium/28256soft"
7303,"0hard/-454medium/28286soft"
7321,"0hard/-453medium/28287soft"
7459,"0hard/-453medium/28355soft"
7469,"0hard/-453medium/28375soft"
7496,"0hard/-453medium/28380soft"
7512,"0hard/-453medium/28389soft"
7520,"0hard/-453medium/28390soft"
7534,"0hard/-452medium/28220soft"
7551,"0hard/-452medium/28247soft"
7568,"0hard/-452medium/28418soft"
7610,"0hard/-452medium/28423soft"
7648,"0hard/-452medium/28613soft"
7674,"0hard/-452medium/28619soft"
7692,"0hard/-452medium/28808soft"
7817,"0hard/-452medium/28809soft"
7822,"0hard/-452medium/28838soft"
7834,"0hard/-452medium/28858soft"
7835,"0hard/-452medium/28859soft"
7836,"0hard/-452medium/28989soft"
7872,"0hard/-452medium/29085soft"
7888,"0hard/-452medium/29086soft"
7913,"0hard/-452medium/29136soft"
7916,"0hard/-452medium/29146soft"
7917,"0hard/-452medium/29186soft"
7928,"0hard/-452medium/29348soft"
7928,"0hard/-452medium/29383soft"
7932,"0hard/-452medium/29453soft"
7935,"0hard/-452medium/29463soft"
7978,"0hard/-452medium/29464soft"
7980,"0hard/-452medium/29465soft"
8009,"0hard/-452medium/29575soft"
8012,"0hard/-451medium/29575soft"
8020,"0hard/-451medium/29605soft"
8021,"0hard/-451medium/29606soft"
8035,"0hard/-451medium/29636soft"
8064,"0hard/-451medium/29642soft"
8069,"0hard/-451medium/29697soft"
8103,"0hard/-451medium/29917soft"
8104,"0hard/-451medium/29918soft"
8107,"0hard/-451medium/29926soft"
8110,"0hard/-451medium/30106soft"
8125,"0hard/-451medium/30146soft"
8141,"0hard/-451medium/30156soft"
8150,"0hard/-451medium/30357soft"
8177,"0hard/-451medium/30367soft"
8205,"0hard/-450medium/30417soft"
8209,"0hard/-450medium/30427soft"
8221,"0hard/-450medium/30577soft"
8238,"0hard/-450medium/30578soft"
8239,"0hard/-450medium/30588soft"
8276,"0hard/-450medium/30598soft"
8314,"0hard/-449medium/30602soft"
8326,"0hard/-449medium/30612soft"
8327,"0hard/-449medium/30642soft"
8345,"0hard/-449medium/30643soft"
8350,"0hard/-449medium/30684soft"
8365,"0hard/-449medium/30685soft"
8416,"0hard/-449medium/30985soft"
8421,"0hard/-449medium/30994soft"
8421,"0hard/-449medium/30995soft"
8425,"0hard/-449medium/30996soft"
8447,"0hard/-449medium/31026soft"
8457,"0hard/-449medium/31036soft"
8471,"0hard/-449medium/31085soft"
8498,"0hard/-449medium/31253soft"
8499,"0hard/-449medium/31254soft"
8503,"0hard/-449medium/31260soft"
8549,"0hard/-448medium/31260soft"
8564,"0hard/-448medium/31261soft"
8572,"0hard/-447medium/31261soft"
8581,"0hard/-447medium/31262soft"
8585,"0hard/-447medium/31263soft"
8598,"0hard/-447medium/31269soft"
8603,"0hard/-446medium/31099soft"
8619,"0hard/-446medium/31126soft"
8620,"0hard/-446medium/31128soft"
8629,"0hard/-446medium/31208soft"
8723,"0hard/-446medium/31209soft"
8729,"0hard/-446medium/31220soft"
8768,"0hard/-445medium/31261soft"
8785,"0hard/-445medium/31262soft"
8828,"0hard/-444medium/31263soft"
8887,"0hard/-444medium/31273soft"
8907,"0hard/-444medium/31274soft"
8909,"0hard/-444medium/31275soft"
8922,"0hard/-443medium/31278soft"
8935,"0hard/-443medium/31284soft"
8946,"0hard/-443medium/31484soft"
8962,"0hard/-442medium/31485soft"
8964,"0hard/-442medium/31525soft"
8983,"0hard/-442medium/31527soft"
9075,"0hard/-442medium/31529soft"
9097,"0hard/-442medium/31559soft"
9115,"0hard/-442medium/31689soft"
9188,"0hard/-441medium/31690soft"
9196,"0hard/-440medium/31683soft"
9207,"0hard/-440medium/31693soft"
9227,"0hard/-440medium/31703soft"
9346,"0hard/-440medium/31722soft"
9375,"0hard/-440medium/31852soft"
9410,"0hard/-440medium/31862soft"
9412,"0hard/-440medium/31877soft"
9429,"0hard/-440medium/31887soft"
9460,"0hard/-440medium/32057soft"
9475,"0hard/-440medium/32060soft"
9501,"0hard/-440medium/32061soft"
9504,"0hard/-440medium/32068soft"
9507,"0hard/-440medium/32178soft"
9512,"0hard/-440medium/32398soft"
9516,"0hard/-440medium/32399soft"
9554,"0hard/-440medium/32410soft"
9582,"0hard/-440medium/32420soft"
9604,"0hard/-439medium/32251soft"
9605,"0hard/-439medium/32471soft"
9655,"0hard/-439medium/32480soft"
9660,"0hard/-439medium/32489soft"
9679,"0hard/-439medium/32490soft"
9713,"0hard/-439medium/32530soft"
9727,"0hard/-439medium/32710soft"
9730,"0hard/-439medium/32879soft"
9739,"0hard/-439medium/33048soft"
9794,"0hard/-439medium/33049soft"
9801,"0hard/-438medium/33050soft"
9826,"0hard/-438medium/33330soft"
9878,"0hard/-438medium/33363soft"
9879,"0hard/-438medium/33373soft"
9896,"0hard/-437medium/33374soft"
9902,"0hard/-437medium/33394soft"
9906,"0hard/-437medium/33395soft"
9912,"0hard/-437medium/33399soft"
9925,"0hard/-437medium/33537soft"
9954,"0hard/-437medium/33557soft"
9983,"0hard/-437medium/33569soft"
9994,"0hard/-437medium/33820soft"
10041,"0hard/-437medium/33830soft"
10046,"0hard/-437medium/33846soft"
10075,"0hard/-437medium/33856soft"
10123,"0hard/-437medium/33866soft"
10138,"0hard/-437medium/33867soft"
10145,"0hard/-437medium/33885soft"
10164,"0hard/-437medium/33895soft"
10184,"0hard/-436medium/33895soft"
10184,"0hard/-436medium/33896soft"
10192,"0hard/-436medium/33923soft"
10202,"0hard/-436medium/33942soft"
10205,"0hard/-436medium/33952soft"
10215,"0hard/-436medium/33961soft"
10252,"0hard/-436medium/33982soft"
10279,"0hard/-436medium/33991soft"
10307,"0hard/-436medium/34003soft"
10322,"0hard/-436medium/34109soft"
10331,"0hard/-436medium/34118soft"
10368,"0hard/-436medium/34126soft"
10491,"0hard/-436medium/34169soft"
10506,"0hard/-436medium/34399soft"
10508,"0hard/-436medium/34438soft"
10561,"0hard/-436medium/34439soft"
10575,"0hard/-436medium/34440soft"
10619,"0hard/-436medium/34625soft"
10649,"0hard/-436medium/34636soft"
10659,"0hard/-436medium/34805soft"
10677,"0hard/-436medium/34827soft"
10718,"0hard/-436medium/34846soft"
10735,"0hard/-436medium/34847soft"
10735,"0hard/-436medium/34877soft"
10751,"0hard/-436medium/34887soft"
10758,"0hard/-436medium/35079soft"
10808,"0hard/-436medium/35083soft"
10818,"0hard/-436medium/35093soft"
10859,"0hard/-436medium/35123soft"
10870,"0hard/-436medium/35133soft"
10875,"0hard/-435medium/35133soft"
10926,"0hard/-435medium/35134soft"
10938,"0hard/-435medium/35154soft"
11112,"0hard/-435medium/35205soft"
11126,"0hard/-435medium/35325soft"
11177,"0hard/-435medium/35336soft"
11182,"0hard/-435medium/35356soft"
11288,"0hard/-435medium/35396soft"
11301,"0hard/-435medium/35400soft"
11314,"0hard/-435medium/35401soft"
11315,"0hard/-435medium/35409soft"
11381,"0hard/-435medium/35419soft"
11444,"0hard/-435medium/35428soft"
11451,"0hard/-435medium/35429soft"
11474,"0hard/-434medium/35431soft"
11503,"0hard/-434medium/35651soft"
11530,"0hard/-434medium/35661soft"
11538,"0hard/-434medium/35701soft"
11581,"0hard/-434medium/35861soft"
11635,"0hard/-434medium/36041soft"
11716,"0hard/-434medium/36061soft"
11721,"0hard/-434medium/36066soft"
11725,"0hard/-434medium/36234soft"
11727,"0hard/-434medium/36454soft"
11732,"0hard/-434medium/36483soft"
11754,"0hard/-434medium/36533soft"
11852,"0hard/-434medium/36534soft"
11858,"0hard/-434medium/36537soft"
11924,"0hard/-434medium/36538soft"
11932,"0hard/-433medium/36539soft"
11945,"0hard/-433medium/36549soft"
11949,"0hard/-433medium/36551soft"
11971,"0hard/-433medium/36553soft"
11985,"0hard/-433medium/36559soft"
12004,"0hard/-433medium/36573soft"
12076,"0hard/-433medium/36762soft"
12109,"0hard/-433medium/36822soft"
12171,"0hard/-433medium/36832soft"
12331,"0hard/-433medium/36833soft"
12398,"0hard/-432medium/36834soft"
12507,"0hard/-432medium/36844soft"
12516,"0hard/-432medium/36874soft"
12540,"0hard/-432medium/36914soft"
12544,"0hard/-432medium/36924soft"
12548,"0hard/-432medium/36938soft"
12560,"0hard/-432medium/36948soft"
12561,"0hard/-432medium/36968soft"
12567,"0hard/-432medium/36970soft"
12616,"0hard/-432medium/36980soft"
12668,"0hard/-432medium/36990soft"
12671,"0hard/-432medium/36991soft"
12706,"0hard/-432medium/37265soft"
12716,"0hard/-432medium/37385soft"
12775,"0hard/-432medium/37389soft"
12852,"0hard/-432medium/37399soft"
12860,"0hard/-432medium/37419soft"
12868,"0hard/-432medium/37421soft"
12892,"0hard/-432medium/37426soft"
12942,"0hard/-432medium/37636soft"
12949,"0hard/-432medium/37852soft"
12969,"0hard/-432medium/38064soft"
12994,"0hard/-432medium/38066soft"
12997,"0hard/-432medium/38106soft"
13068,"0hard/-432medium/38107soft"
13069,"0hard/-432medium/38117soft"
13086,"0hard/-432medium/38123soft"
13116,"0hard/-432medium/38138soft"
13116,"0hard/-432medium/38148soft"
13198,"0hard/-431medium/38148soft"
13212,"0hard/-431medium/38334soft"
13331,"0hard/-431medium/38337soft"
13373,"0hard/-431medium/38343soft"
13403,"0hard/-431medium/38352soft"
13432,"0hard/-430medium/38352soft"
13472,"0hard/-430medium/38355soft"
13507,"0hard/-430medium/38357soft"
13533,"0hard/-430medium/38358soft"
13619,"0hard/-430medium/38359soft"
13671,"0hard/-430medium/38360soft"
13731,"0hard/-430medium/38362soft"
13744,"0hard/-430medium/38377soft"
13755,"0hard/-430medium/38637soft"
13757,"0hard/-430medium/38643soft"
13778,"0hard/-430medium/38653soft"
13881,"0hard/-430medium/38655soft"
13943,"0hard/-430medium/38671soft"
13965,"0hard/-430medium/38681soft"
14002,"0hard/-430medium/38691soft"
14013,"0hard/-430medium/38692soft"
14043,"0hard/-430medium/38697soft"
14083,"0hard/-430medium/38698soft"
14168,"0hard/-430medium/38699soft"
14221,"0hard/-430medium/38700soft"
14271,"0hard/-430medium/38701soft"
14333,"0hard/-430medium/38711soft"
14362,"0hard/-430medium/38721soft"
14409,"0hard/-430medium/38731soft"
14426,"0hard/-429medium/38731soft"
14481,"0hard/-429medium/38751soft"
14567,"0hard/-429medium/38759soft"
14623,"0hard/-429medium/38775soft"
14642,"0hard/-429medium/38795soft"
14691,"0hard/-429medium/38796soft"
14724,"0hard/-429medium/38798soft"
14758,"0hard/-429medium/38804soft"
14886,"0hard/-429medium/38823soft"
14898,"0hard/-429medium/38825soft"
14913,"0hard/-429medium/38835soft"
14916,"0hard/-429medium/39105soft"
14947,"0hard/-429medium/39111soft"
15001,"0hard/-429medium/39120soft"
15165,"0hard/-429medium/39128soft"
15283,"0hard/-429medium/39133soft"
15320,"0hard/-429medium/39138soft"
15352,"0hard/-429medium/39139soft"
15355,"0hard/-429medium/39146soft"
15363,"0hard/-429medium/39147soft"
15407,"0hard/-429medium/39157soft"
15432,"0hard/-429medium/39186soft"
15454,"0hard/-428medium/39190soft"
15480,"0hard/-427medium/39190soft"
15490,"0hard/-426medium/39190soft"
15529,"0hard/-426medium/39191soft"
15543,"0hard/-425medium/39192soft"
15621,"0hard/-424medium/39193soft"
15678,"0hard/-424medium/39212soft"
15762,"0hard/-424medium/39272soft"
15847,"0hard/-424medium/39273soft"
15940,"0hard/-424medium/39281soft"
15972,"0hard/-424medium/39282soft"
16057,"0hard/-424medium/39352soft"
16087,"0hard/-424medium/39574soft"
16148,"0hard/-424medium/39575soft"
16160,"0hard/-424medium/39625soft"
16232,"0hard/-424medium/39685soft"
16302,"0hard/-424medium/39875soft"
16345,"0hard/-424medium/39882soft"
16398,"0hard/-424medium/39891soft"
16468,"0hard/-424medium/39911soft"
16482,"0hard/-424medium/39916soft"
16528,"0hard/-424medium/39917soft"
16538,"0hard/-423medium/39917soft"
16547,"0hard/-423medium/40029soft"
16615,"0hard/-423medium/40040soft"
16619,"0hard/-423medium/40042soft"
16697,"0hard/-423medium/40052soft"
16820,"0hard/-423medium/40062soft"
16905,"0hard/-423medium/40063soft"
16926,"0hard/-423medium/40064soft"
16995,"0hard/-423medium/40084soft"
17023,"0hard/-423medium/40088soft"
17090,"0hard/-423medium/40098soft"
17096,"0hard/-423medium/40107soft"
17253,"0hard/-423medium/40109soft"
17309,"0hard/-423medium/40119soft"
17362,"0hard/-423medium/40130soft"
17383,"0hard/-423medium/40131soft"
17641,"0hard/-423medium/40141soft"
17690,"0hard/-423medium/40142soft"
17918,"0hard/-422medium/40142soft"
17931,"0hard/-421medium/40142soft"
17951,"0hard/-420medium/40142soft"
18133,"0hard/-420medium/40152soft"
18240,"0hard/-420medium/40162soft"
18258,"0hard/-420medium/40163soft"
18351,"0hard/-420medium/40165soft"
18418,"0hard/-420medium/40375soft"
18473,"0hard/-420medium/40395soft"
18492,"0hard/-420medium/40405soft"
18576,"0hard/-420medium/40410soft"
18580,"0hard/-420medium/40412soft"
18590,"0hard/-420medium/40444soft"
18650,"0hard/-420medium/40454soft"
18727,"0hard/-420medium/40459soft"
18742,"0hard/-420medium/40460soft"
18892,"0hard/-420medium/40469soft"
18907,"0hard/-420medium/40475soft"
18908,"0hard/-420medium/40485soft"
18943,"0hard/-420medium/40705soft"
19188,"0hard/-419medium/40706soft"
19271,"0hard/-419medium/40776soft"
19313,"0hard/-419medium/40786soft"
19386,"0hard/-419medium/40796soft"
19397,"0hard/-419medium/40797soft"
19399,"0hard/-419medium/40806soft"
19405,"0hard/-419medium/40816soft"
19406,"0hard/-419medium/40826soft"
19428,"0hard/-419medium/40856soft"
19508,"0hard/-419medium/40866soft"
19572,"0hard/-419medium/41048soft"
19645,"0hard/-419medium/41049soft"
19659,"0hard/-419medium/41050soft"
19700,"0hard/-419medium/41056soft"
19739,"0hard/-419medium/41082soft"
19758,"0hard/-419medium/41102soft"
19873,"0hard/-419medium/41110soft"
20106,"0hard/-419medium/41111soft"
20109,"0hard/-419medium/41381soft"
20162,"0hard/-419medium/41390soft"
20193,"0hard/-419medium/41409soft"
20222,"0hard/-418medium/41413soft"
20227,"0hard/-418medium/41673soft"
20399,"0hard/-417medium/41673soft"
20437,"0hard/-417medium/41933soft"
20492,"0hard/-417medium/41936soft"
20604,"0hard/-417medium/41937soft"
20634,"0hard/-417medium/41957soft"
20701,"0hard/-417medium/41968soft"
20739,"0hard/-417medium/42008soft"
20935,"0hard/-417medium/42019soft"
20992,"0hard/-416medium/41850soft"
21039,"0hard/-416medium/41860soft"
21105,"0hard/-416medium/41890soft"
21153,"0hard/-416medium/41891soft"
21290,"0hard/-416medium/41901soft"
21431,"0hard/-415medium/41901soft"
21451,"0hard/-415medium/41912soft"
21954,"0hard/-415medium/41986soft"
22006,"0hard/-415medium/41989soft"
22037,"0hard/-415medium/41991soft"
22055,"0hard/-415medium/42021soft"
22117,"0hard/-415medium/42022soft"
22409,"0hard/-415medium/42052soft"
22428,"0hard/-414medium/42052soft"
22464,"0hard/-413medium/42052soft"
22470,"0hard/-413medium/42054soft"
22510,"0hard/-413medium/42064soft"
22548,"0hard/-413medium/42073soft"
22614,"0hard/-413medium/42083soft"
22699,"0hard/-413medium/42101soft"
22744,"0hard/-413medium/42102soft"
22924,"0hard/-413medium/42272soft"
23189,"0hard/-413medium/42273soft"
23252,"0hard/-413medium/42275soft"
23681,"0hard/-412medium/42275soft"
23870,"0hard/-412medium/42325soft"
23987,"0hard/-412medium/42327soft"
24052,"0hard/-412medium/42338soft"
24109,"0hard/-412medium/42345soft"
24240,"0hard/-412medium/42375soft"
24500,"0hard/-412medium/42385soft"
24525,"0hard/-412medium/42390soft"
24635,"0hard/-412medium/42397soft"
24671,"0hard/-412medium/42398soft"
24952,"0hard/-412medium/42558soft"
25094,"0hard/-412medium/42760soft"
25171,"0hard/-412medium/42762soft"
25172,"0hard/-412medium/42772soft"
25357,"0hard/-412medium/42775soft"
25437,"0hard/-412medium/42776soft"
25616,"0hard/-412medium/42786soft"
25669,"0hard/-412medium/42816soft"
25770,"0hard/-411medium/42816soft"
25780,"0hard/-411medium/42826soft"
25848,"0hard/-411medium/42837soft"
25855,"0hard/-411medium/42857soft"
26079,"0hard/-410medium/42858soft"
26127,"0hard/-410medium/42859soft"
26336,"0hard/-410medium/42919soft"
26352,"0hard/-409medium/42919soft"
26554,"0hard/-409medium/42959soft"
26583,"0hard/-409medium/42960soft"
26737,"0hard/-409medium/42971soft"
26759,"0hard/-409medium/42981soft"
26908,"0hard/-409medium/42985soft"
27264,"0hard/-409medium/43225soft"
27278,"0hard/-409medium/43445soft"
27403,"0hard/-409medium/43613soft"
27543,"0hard/-409medium/43665soft"
27609,"0hard/-409medium/43680soft"
27863,"0hard/-409medium/43690soft"
28621,"0hard/-408medium/43691soft"
28748,"0hard/-408medium/43701soft"
28762,"0hard/-408medium/43702soft"
28794,"0hard/-408medium/43712soft"
28849,"0hard/-408medium/43722soft"
29092,"0hard/-408medium/43724soft"
29126,"0hard/-408medium/43725soft"
29236,"0hard/-408medium/43734soft"
29273,"0hard/-408medium/43840soft"
29554,"0hard/-408medium/43841soft"
29851,"0hard/-408medium/43871soft"
30150,"0hard/-408medium/43876soft"
30256,"0hard/-407medium/43876soft"
30316,"0hard/-407medium/43895soft"
30324,"0hard/-407medium/43896soft"
30457,"0hard/-407medium/43897soft"
30630,"0hard/-407medium/43908soft"
30687,"0hard/-407medium/43909soft"
30854,"0hard/-407medium/43913soft"
30889,"0hard/-406medium/43743soft"
30996,"0hard/-406medium/43753soft"
31005,"0hard/-406medium/43754soft"
31193,"0hard/-406medium/43764soft"
31263,"0hard/-406medium/43774soft"
31370,"0hard/-405medium/43775soft"
31471,"0hard/-405medium/43824soft"
31529,"0hard/-405medium/44264soft"
31645,"0hard/-405medium/44270soft"
31739,"0hard/-405medium/44280soft"
31873,"0hard/-405medium/44310soft"
31917,"0hard/-405medium/44328soft"
32036,"0hard/-405medium/44339soft"
32132,"0hard/-405medium/44349soft"
32215,"0hard/-405medium/44355soft"
32417,"0hard/-405medium/44364soft"
32429,"0hard/-405medium/44374soft"
32491,"0hard/-405medium/44413soft"
32660,"0hard/-404medium/44244soft"
32738,"0hard/-404medium/44253soft"
32866,"0hard/-404medium/44262soft"
33162,"0hard/-404medium/44263soft"
33520,"0hard/-404medium/44273soft"
33548,"0hard/-404medium/44553soft"
33628,"0hard/-404medium/44564soft"
33905,"0hard/-404medium/44574soft"
33909,"0hard/-404medium/44585soft"
33915,"0hard/-404medium/44635soft"
34158,"0hard/-403medium/44635soft"
34285,"0hard/-402medium/44635soft"
34317,"0hard/-402medium/44644soft"
34497,"0hard/-402medium/44653soft"
34554,"0hard/-402medium/44663soft"
34785,"0hard/-402medium/44670soft"
34838,"0hard/-402medium/44671soft"
35037,"0hard/-402medium/44691soft"
35130,"0hard/-402medium/44702soft"
35304,"0hard/-402medium/44712soft"
35336,"0hard/-402medium/44718soft"
35346,"0hard/-402medium/44719soft"
35349,"0hard/-401medium/44719soft"
35381,"0hard/-401medium/44728soft"
35407,"0hard/-401medium/44738soft"
35653,"0hard/-401medium/44749soft"
35790,"0hard/-401medium/44755soft"
35913,"0hard/-401medium/44765soft"
35964,"0hard/-401medium/44766soft"
36329,"0hard/-401medium/44786soft"
36502,"0hard/-401medium/44796soft"
36604,"0hard/-401medium/44797soft"
36646,"0hard/-401medium/44798soft"
36653,"0hard/-401medium/44818soft"
36761,"0hard/-401medium/44828soft"
36893,"0hard/-401medium/44849soft"
36910,"0hard/-401medium/44854soft"
37077,"0hard/-401medium/44867soft"
37121,"0hard/-400medium/44867soft"
37553,"0hard/-399medium/44869soft"
37584,"0hard/-399medium/44870soft"
38181,"0hard/-398medium/44702soft"
38290,"0hard/-398medium/44712soft"
38412,"0hard/-398medium/44879soft"
38452,"0hard/-398medium/44887soft"
38732,"0hard/-397medium/44887soft"
38738,"0hard/-397medium/44907soft"
38803,"0hard/-397medium/44908soft"
38939,"0hard/-397medium/44918soft"
39070,"0hard/-397medium/44919soft"
39260,"0hard/-397medium/44920soft"
39310,"0hard/-397medium/44930soft"
39329,"0hard/-397medium/44931soft"
39659,"0hard/-397medium/44961soft"
39738,"0hard/-397medium/44974soft"
39941,"0hard/-397medium/44978soft"
40089,"0hard/-397medium/44992soft"
40326,"0hard/-397medium/44995soft"
40388,"0hard/-397medium/45001soft"
40799,"0hard/-397medium/45009soft"
40852,"0hard/-397medium/45029soft"
40956,"0hard/-397medium/45039soft"
41010,"0hard/-397medium/45049soft"
41383,"0hard/-397medium/45056soft"
41445,"0hard/-397medium/45072soft"
41456,"0hard/-397medium/45076soft"
41505,"0hard/-397medium/45106soft"
41980,"0hard/-397medium/45107soft"
42177,"0hard/-397medium/45117soft"
42284,"0hard/-397medium/45118soft"
42428,"0hard/-397medium/45119soft"
42780,"0hard/-397medium/45129soft"
43090,"0hard/-397medium/45173soft"
43174,"0hard/-396medium/45000soft"
43250,"0hard/-396medium/45010soft"
43685,"0hard/-396medium/45019soft"
43921,"0hard/-396medium/45030soft"
44378,"0hard/-396medium/45050soft"
44588,"0hard/-395medium/45051soft"
44663,"0hard/-394medium/45051soft"
44853,"0hard/-394medium/45287soft"
44895,"0hard/-393medium/45288soft"
45028,"0hard/-393medium/45298soft"
45041,"0hard/-393medium/45328soft"
45325,"0hard/-393medium/45329soft"
45351,"0hard/-393medium/45360soft"
45358,"0hard/-393medium/45370soft"
45462,"0hard/-393medium/45400soft"
45899,"0hard/-393medium/45401soft"
45951,"0hard/-393medium/45410soft"
45955,"0hard/-393medium/45420soft"
46233,"0hard/-392medium/45421soft"
46575,"0hard/-392medium/45423soft"
46587,"0hard/-392medium/45424soft"
47109,"0hard/-392medium/45434soft"
47298,"0hard/-392medium/45502soft"
47349,"0hard/-392medium/45509soft"
47954,"0hard/-392medium/45520soft"
47994,"0hard/-392medium/45530soft"
48139,"0hard/-392medium/45533soft"
48222,"0hard/-392medium/45544soft"
48290,"0hard/-392medium/45545soft"
48359,"0hard/-392medium/45561soft"
48605,"0hard/-392medium/45571soft"
49212,"0hard/-392medium/45600soft"
49409,"0hard/-392medium/45664soft"
49588,"0hard/-392medium/45668soft"
49861,"0hard/-392medium/45678soft"
51148,"0hard/-392medium/45680soft"
51335,"0hard/-392medium/45690soft"
51416,"0hard/-392medium/45701soft"
51618,"0hard/-392medium/45710soft"
52207,"0hard/-392medium/45711soft"
52387,"0hard/-392medium/45931soft"
52678,"0hard/-392medium/45941soft"
52738,"0hard/-392medium/45942soft"
54040,"0hard/-392medium/45952soft"
54740,"0hard/-392medium/46022soft"
55010,"0hard/-392medium/46024soft"
55227,"0hard/-391medium/46024soft"
55545,"0hard/-391medium/46134soft"
55593,"0hard/-390medium/46134soft"
55627,"0hard/-390medium/46144soft"
55715,"0hard/-390medium/46152soft"
55902,"0hard/-390medium/46162soft"
56313,"0hard/-389medium/46162soft"
56348,"0hard/-389medium/46279soft"
56588,"0hard/-389medium/46290soft"
56827,"0hard/-389medium/46292soft"
56933,"0hard/-389medium/46301soft"
57212,"0hard/-389medium/46311soft"
57420,"0hard/-389medium/46335soft"
57767,"0hard/-389medium/46336soft"
57785,"0hard/-389medium/46341soft"
57839,"0hard/-389medium/46370soft"
57880,"0hard/-389medium/46394soft"
58021,"0hard/-389medium/46424soft"
58441,"0hard/-389medium/46464soft"
58566,"0hard/-389medium/46469soft"
58698,"0hard/-389medium/46479soft"
58952,"0hard/-389medium/46480soft"
58968,"0hard/-389medium/46489soft"
59036,"0hard/-389medium/46490soft"
59138,"0hard/-388medium/46491soft"
59509,"0hard/-388medium/46671soft"
59674,"0hard/-388medium/46681soft"
60254,"0hard/-388medium/46682soft"
60276,"0hard/-388medium/46692soft"
60685,"0hard/-388medium/46962soft"
61133,"0hard/-388medium/46964soft"
61336,"0hard/-388medium/46965soft"
61406,"0hard/-388medium/46967soft"
61440,"0hard/-388medium/46978soft"
61639,"0hard/-388medium/46992soft"
62478,"0hard/-388medium/46995soft"
62672,"0hard/-388medium/46996soft"
62777,"0hard/-388medium/47006soft"
62799,"0hard/-388medium/47009soft"
62920,"0hard/-388medium/47010soft"
63698,"0hard/-388medium/47030soft"
64106,"0hard/-388medium/47031soft"
64135,"0hard/-388medium/47039soft"
64236,"0hard/-387medium/47039soft"
65954,"0hard/-387medium/47045soft"
66006,"0hard/-387medium/47315soft"
66239,"0hard/-387medium/47325soft"
66254,"0hard/-387medium/47334soft"
66414,"0hard/-387medium/47344soft"
66559,"0hard/-387medium/47364soft"
66710,"0hard/-387medium/47374soft"
67225,"0hard/-387medium/47375soft"
67351,"0hard/-387medium/47386soft"
67737,"0hard/-387medium/47387soft"
68354,"0hard/-387medium/47397soft"
68744,"0hard/-387medium/47398soft"
69054,"0hard/-387medium/47408soft"
69297,"0hard/-387medium/47414soft"
69423,"0hard/-387medium/47424soft"
69719,"0hard/-386medium/47424soft"
70518,"0hard/-386medium/47483soft"
70878,"0hard/-386medium/47493soft"
70957,"0hard/-386medium/47523soft"
71513,"0hard/-386medium/47691soft"
72402,"0hard/-386medium/47693soft"
72500,"0hard/-386medium/47694soft"
73752,"0hard/-386medium/47723soft"
75022,"0hard/-386medium/47740soft"
75180,"0hard/-386medium/47826soft"
75404,"0hard/-386medium/47827soft"
75449,"0hard/-386medium/47837soft"
76223,"0hard/-386medium/47857soft"
80677,"0hard/-386medium/47858soft"
81952,"0hard/-386medium/47859soft"
83062,"0hard/-386medium/47860soft"
84161,"0hard/-385medium/47860soft"
84558,"0hard/-385medium/47900soft"
85232,"0hard/-385medium/47910soft"
85516,"0hard/-385medium/47920soft"
86812,"0hard/-384medium/47920soft"
88501,"0hard/-384medium/47929soft"
89328,"0hard/-384medium/47951soft"
89628,"0hard/-384medium/47961soft"
92764,"0hard/-384medium/47971soft"
93038,"0hard/-384medium/47981soft"
94204,"0hard/-384medium/47989soft"
94866,"0hard/-384medium/48000soft"
95233,"0hard/-384medium/48006soft"
95307,"0hard/-383medium/48006soft"
95463,"0hard/-383medium/48026soft"
96273,"0hard/-382medium/48027soft"
96753,"0hard/-382medium/48028soft"
96903,"0hard/-382medium/48034soft"
100892,"0hard/-382medium/48035soft"
101342,"0hard/-382medium/48046soft"
101843,"0hard/-382medium/48047soft"
102862,"0hard/-382medium/48057soft"
104360,"0hard/-382medium/48067soft"
104500,"0hard/-382medium/48073soft"
106951,"0hard/-382medium/48092soft"
106967,"0hard/-381medium/48095soft"
107661,"0hard/-381medium/48096soft"
109294,"0hard/-381medium/48106soft"
110181,"0hard/-381medium/48116soft"
111306,"0hard/-381medium/48124soft"
111672,"0hard/-381medium/48126soft"
112268,"0hard/-381medium/48136soft"
113542,"0hard/-381medium/48137soft"
114850,"0hard/-381medium/48147soft"
116349,"0hard/-381medium/48148soft"
116740,"0hard/-381medium/48158soft"
117279,"0hard/-381medium/48168soft"
117743,"0hard/-381medium/48169soft"
117959,"0hard/-381medium/48170soft"
119341,"0hard/-381medium/48236soft"
121786,"0hard/-381medium/48237soft"
122997,"0hard/-381medium/48447soft"
125510,"0hard/-381medium/48457soft"
125636,"0hard/-380medium/48457soft"
133249,"0hard/-380medium/48468soft"
134097,"0hard/-380medium/48478soft"
137312,"0hard/-380medium/48488soft"
143345,"0hard/-380medium/48508soft"
143424,"0hard/-380medium/48519soft"
144874,"0hard/-380medium/48520soft"
152631,"0hard/-380medium/48530soft"
153647,"0hard/-380medium/48544soft"
153776,"0hard/-380medium/48554soft"
155518,"0hard/-380medium/48558soft"
158859,"0hard/-380medium/48568soft"
158872,"0hard/-380medium/48573soft"
161648,"0hard/-380medium/48578soft"
162636,"0hard/-380medium/48582soft"
162654,"0hard/-379medium/48582soft"
167583,"0hard/-379medium/48590soft"
172790,"0hard/-379medium/48596soft"
174271,"0hard/-378medium/48596soft"
174347,"0hard/-378medium/48606soft"
177361,"0hard/-378medium/48616soft"
180592,"0hard/-378medium/48622soft"
181027,"0hard/-378medium/48637soft"
182738,"0hard/-378medium/48638soft"
183309,"0hard/-378medium/48691soft"
185236,"0hard/-378medium/48692soft"
187306,"0hard/-378medium/48697soft"
189155,"0hard/-378medium/48698soft"
191089,"0hard/-377medium/48698soft"
193465,"0hard/-377medium/48699soft"
195507,"0hard/-377medium/48709soft"
196908,"0hard/-377medium/48719soft"
200278,"0hard/-377medium/48729soft"
200909,"0hard/-377medium/48739soft"
202157,"0hard/-377medium/48740soft"
208925,"0hard/-377medium/48748soft"
211513,"0hard/-377medium/48750soft"
217032,"0hard/-377medium/48760soft"
220468,"0hard/-377medium/48761soft"
229760,"0hard/-377medium/48771soft"
235812,"0hard/-376medium/48771soft"
236285,"0hard/-376medium/48772soft"
253374,"0hard/-376medium/48782soft"
253411,"0hard/-376medium/48792soft"
263836,"0hard/-376medium/48802soft"
266198,"0hard/-376medium/48812soft"
277162,"0hard/-376medium/48813soft"
279590,"0hard/-376medium/48823soft"
284441,"0hard/-376medium/48833soft"
